1.000000000000000000e+00 -8.542309683042687007e-01
2.000000000000000000e+00 -8.909829089680640912e-01
3.000000000000000000e+00 -9.117698085391180429e-01
4.000000000000000000e+00 -9.180461116960514367e-01
5.000000000000000000e+00 -9.221113641690459328e-01
6.000000000000000000e+00 -9.243783452399739753e-01
7.000000000000000000e+00 -9.255309281092138907e-01
8.000000000000000000e+00 -9.265458827064848579e-01
9.000000000000000000e+00 -9.281575825643062494e-01
1.000000000000000000e+01 -9.289718685611033644e-01
1.100000000000000000e+01 -9.313854996406427666e-01
1.200000000000000000e+01 -9.356388005765545746e-01
1.300000000000000000e+01 -9.392679580737965939e-01
1.400000000000000000e+01 -9.424196188900668680e-01
1.500000000000000000e+01 -9.431702244830055815e-01
1.600000000000000000e+01 -9.433560681179637974e-01
1.700000000000000000e+01 -9.435414830994872659e-01
1.800000000000000000e+01 -9.435848359168668154e-01
1.900000000000000000e+01 -9.435899183571662130e-01
2.000000000000000000e+01 -9.435917557846553727e-01
2.100000000000000000e+01 -9.435918508540011018e-01
2.200000000000000000e+01 -9.435918546930700535e-01
