1.000000000000000000e+00 -7.475184269534715931e-01
2.000000000000000000e+00 -7.802967929694962779e-01
3.000000000000000000e+00 -8.068542874104097651e-01
4.000000000000000000e+00 -8.152164189697133079e-01
5.000000000000000000e+00 -8.157869933828920672e-01
6.000000000000000000e+00 -8.160786369828838538e-01
7.000000000000000000e+00 -8.166153777375896317e-01
8.000000000000000000e+00 -8.168608073168648342e-01
9.000000000000000000e+00 -8.175215176856244215e-01
1.000000000000000000e+01 -8.182414745285102597e-01
1.100000000000000000e+01 -8.193083923915698286e-01
1.200000000000000000e+01 -8.214317234260433143e-01
1.300000000000000000e+01 -8.318392244739406527e-01
1.400000000000000000e+01 -8.378239744219031504e-01
1.500000000000000000e+01 -8.416440890572611799e-01
1.600000000000000000e+01 -8.427325876645584968e-01
1.700000000000000000e+01 -8.449870380649818769e-01
1.800000000000000000e+01 -8.462473732668720494e-01
1.900000000000000000e+01 -8.477019296863825826e-01
2.000000000000000000e+01 -8.484322244144800740e-01
2.100000000000000000e+01 -8.487600965667713160e-01
2.200000000000000000e+01 -8.490150557884745819e-01
2.300000000000000000e+01 -8.494562856914142923e-01
2.400000000000000000e+01 -8.498844159735315928e-01
2.500000000000000000e+01 -8.503418205531270146e-01
2.600000000000000000e+01 -8.506643646460357866e-01
2.700000000000000000e+01 -8.510299075316249962e-01
2.800000000000000000e+01 -8.514739704284717270e-01
2.900000000000000000e+01 -8.522701682175538584e-01
3.000000000000000000e+01 -8.526186042669351428e-01
3.100000000000000000e+01 -8.533516486446114380e-01
3.200000000000000000e+01 -8.539579588923580378e-01
3.300000000000000000e+01 -8.558837490220431166e-01
3.400000000000000000e+01 -8.560805439994640942e-01
3.500000000000000000e+01 -8.589184229346110699e-01
3.600000000000000000e+01 -8.616679119496031269e-01
3.700000000000000000e+01 -8.663412017144829225e-01
3.800000000000000000e+01 -8.729964495253661472e-01
3.900000000000000000e+01 -8.769339660732107244e-01
4.000000000000000000e+01 -8.781881994085988241e-01
4.100000000000000000e+01 -8.784933740961795579e-01
4.200000000000000000e+01 -8.786784314119091555e-01
4.300000000000000000e+01 -8.788182535524023953e-01
4.400000000000000000e+01 -8.791642733312717839e-01
4.500000000000000000e+01 -8.794997703177103165e-01
4.600000000000000000e+01 -8.800022872504950078e-01
4.700000000000000000e+01 -8.803156715761295548e-01
4.800000000000000000e+01 -8.804622765262359874e-01
4.900000000000000000e+01 -8.805192512292147056e-01
5.000000000000000000e+01 -8.805411748426469343e-01
5.100000000000000000e+01 -8.805506488009449129e-01
5.200000000000000000e+01 -8.805827315686106660e-01
5.300000000000000000e+01 -8.806271325255272675e-01
5.400000000000000000e+01 -8.807066596985635432e-01
5.500000000000000000e+01 -8.808172950488427633e-01
5.600000000000000000e+01 -8.809748152724802273e-01
5.700000000000000000e+01 -8.810775879196622862e-01
5.800000000000000000e+01 -8.812280200467746960e-01
5.900000000000000000e+01 -8.813360854727483318e-01
6.000000000000000000e+01 -8.814286876360282186e-01
6.100000000000000000e+01 -8.815700716543675153e-01
6.200000000000000000e+01 -8.823916270742883095e-01
6.300000000000000000e+01 -8.825575879480512809e-01
6.400000000000000000e+01 -8.827732353145116839e-01
6.500000000000000000e+01 -8.834059337385465893e-01
6.600000000000000000e+01 -8.855632652094935775e-01
6.700000000000000000e+01 -8.858228149426112807e-01
6.800000000000000000e+01 -8.873561728750203326e-01
6.900000000000000000e+01 -8.875729340430567049e-01
7.000000000000000000e+01 -8.878617672206331468e-01
7.100000000000000000e+01 -8.880181426206256168e-01
7.200000000000000000e+01 -8.881168914010585391e-01
7.300000000000000000e+01 -8.881512697803245482e-01
7.400000000000000000e+01 -8.881854485526885501e-01
7.500000000000000000e+01 -8.881981800476512756e-01
7.600000000000000000e+01 -8.882020140897745053e-01
7.700000000000000000e+01 -8.882039631908850152e-01
7.800000000000000000e+01 -8.882043960868970522e-01
7.900000000000000000e+01 -8.882051679168483371e-01
8.000000000000000000e+01 -8.882054340964039563e-01
8.100000000000000000e+01 -8.882056083159433069e-01
8.200000000000000000e+01 -8.882056377104141642e-01
8.300000000000000000e+01 -8.882056685723503930e-01
8.400000000000000000e+01 -8.882056800249487072e-01
8.500000000000000000e+01 -8.882056859025102558e-01
8.600000000000000000e+01 -8.882056889505101083e-01
