1.000000000000000000e+00 -7.742159559670990232e-01
2.000000000000000000e+00 -8.121719203988598812e-01
3.000000000000000000e+00 -8.537815756245896726e-01
4.000000000000000000e+00 -8.733862546521113934e-01
5.000000000000000000e+00 -8.964571806532921627e-01
6.000000000000000000e+00 -9.076479357630323763e-01
7.000000000000000000e+00 -9.098807501092619487e-01
8.000000000000000000e+00 -9.100426885747877614e-01
9.000000000000000000e+00 -9.101963794647077721e-01
1.000000000000000000e+01 -9.101989415325697497e-01
1.100000000000000000e+01 -9.101989906690926002e-01
1.200000000000000000e+01 -9.101989919780728577e-01
