1.000000000000000000e+00 2.810475522287665950e-01
2.000000000000000000e+00 2.636006594825789917e-01
3.000000000000000000e+00 2.499817968046021133e-01
4.000000000000000000e+00 2.442436761668081990e-01
5.000000000000000000e+00 2.382272763557090889e-01
6.000000000000000000e+00 2.374993601168941815e-01
7.000000000000000000e+00 2.369216132158844801e-01
8.000000000000000000e+00 2.367219935885282178e-01
9.000000000000000000e+00 2.366560671443940223e-01
1.000000000000000000e+01 2.365678789654130643e-01
1.100000000000000000e+01 2.364667618772265112e-01
1.200000000000000000e+01 2.361754524957769275e-01
1.300000000000000000e+01 2.359142445489857687e-01
1.400000000000000000e+01 2.356327388206471696e-01
1.500000000000000000e+01 2.355084276511789920e-01
1.600000000000000000e+01 2.354156851908962844e-01
1.700000000000000000e+01 2.353815576308112834e-01
1.800000000000000000e+01 2.353314906978254961e-01
1.900000000000000000e+01 2.352295630501969603e-01
2.000000000000000000e+01 2.347715724846372864e-01
2.100000000000000000e+01 2.344643302964625198e-01
2.200000000000000000e+01 2.341842418868084752e-01
2.300000000000000000e+01 2.339486471420842983e-01
2.400000000000000000e+01 2.336061212774112328e-01
2.500000000000000000e+01 2.333213521601669171e-01
2.600000000000000000e+01 2.332070035080237302e-01
2.700000000000000000e+01 2.329025048240747353e-01
2.800000000000000000e+01 2.327494137670818586e-01
2.900000000000000000e+01 2.325294079640781442e-01
3.000000000000000000e+01 2.322392573594952436e-01
3.100000000000000000e+01 2.316993450938373000e-01
3.200000000000000000e+01 2.311827034342953391e-01
3.300000000000000000e+01 2.308256149747750230e-01
3.400000000000000000e+01 2.301178295406051677e-01
3.500000000000000000e+01 2.287673409153210269e-01
3.600000000000000000e+01 2.260703538442270510e-01
3.700000000000000000e+01 2.252348848472735532e-01
3.800000000000000000e+01 2.242063079096907052e-01
3.900000000000000000e+01 2.230922810795988864e-01
4.000000000000000000e+01 2.223933303847020759e-01
4.100000000000000000e+01 2.220533785760410439e-01
4.200000000000000000e+01 2.213716903725279350e-01
4.300000000000000000e+01 2.207836818742375806e-01
4.400000000000000000e+01 2.203781044322815907e-01
4.500000000000000000e+01 2.199901614280890816e-01
4.600000000000000000e+01 2.196066215372439734e-01
4.700000000000000000e+01 2.192877367221005291e-01
4.800000000000000000e+01 2.187194983078807609e-01
4.900000000000000000e+01 2.182096273490011507e-01
5.000000000000000000e+01 2.178067931384528311e-01
5.100000000000000000e+01 2.174637170354778715e-01
5.200000000000000000e+01 2.172291090307664485e-01
5.300000000000000000e+01 2.169781019631526753e-01
5.400000000000000000e+01 2.167010083138166954e-01
5.500000000000000000e+01 2.164416493124955154e-01
5.600000000000000000e+01 2.162820408684737461e-01
5.700000000000000000e+01 2.162106006308366080e-01
5.800000000000000000e+01 2.160125827003021026e-01
5.900000000000000000e+01 2.159173269899931080e-01
6.000000000000000000e+01 2.158579447966277043e-01
6.100000000000000000e+01 2.158275171652632440e-01
6.200000000000000000e+01 2.158065687126585197e-01
6.300000000000000000e+01 2.157896700927428302e-01
6.400000000000000000e+01 2.157596314401945825e-01
6.500000000000000000e+01 2.157254162358779315e-01
6.600000000000000000e+01 2.156939751354259027e-01
6.700000000000000000e+01 2.156452514689591871e-01
6.800000000000000000e+01 2.155772479950337217e-01
6.900000000000000000e+01 2.154669601857658878e-01
7.000000000000000000e+01 2.153293865797765161e-01
7.100000000000000000e+01 2.150980648911644533e-01
7.200000000000000000e+01 2.150338248431162558e-01
7.300000000000000000e+01 2.148709343167380104e-01
7.400000000000000000e+01 2.148411625915445100e-01
7.500000000000000000e+01 2.148083438301015002e-01
7.600000000000000000e+01 2.147779512376736255e-01
7.700000000000000000e+01 2.147190232403321242e-01
7.800000000000000000e+01 2.146438537538856994e-01
7.900000000000000000e+01 2.145432499837915397e-01
8.000000000000000000e+01 2.144027566774969196e-01
8.100000000000000000e+01 2.143082380767464268e-01
8.200000000000000000e+01 2.141517024879033837e-01
8.300000000000000000e+01 2.139253716134532080e-01
8.400000000000000000e+01 2.138268511857533138e-01
8.500000000000000000e+01 2.135390449134019764e-01
8.600000000000000000e+01 2.133122098606254069e-01
8.700000000000000000e+01 2.131516236926770669e-01
8.800000000000000000e+01 2.130145399840818465e-01
8.900000000000000000e+01 2.128744351655829092e-01
9.000000000000000000e+01 2.127702968458053678e-01
9.100000000000000000e+01 2.126307051810379656e-01
9.200000000000000000e+01 2.126092411073471078e-01
9.300000000000000000e+01 2.125543497301308205e-01
9.400000000000000000e+01 2.125440996351390666e-01
9.500000000000000000e+01 2.125008061959717531e-01
9.600000000000000000e+01 2.124908082480352900e-01
9.700000000000000000e+01 2.124823187662873980e-01
9.800000000000000000e+01 2.124789963928069292e-01
9.900000000000000000e+01 2.124749606259906665e-01
1.000000000000000000e+02 2.124729654101226162e-01
1.010000000000000000e+02 2.124715578442623320e-01
1.020000000000000000e+02 2.124682233393789255e-01
1.030000000000000000e+02 2.124658261219790900e-01
1.040000000000000000e+02 2.124623294123416661e-01
1.050000000000000000e+02 2.124597603156662962e-01
1.060000000000000000e+02 2.124567371933774873e-01
1.070000000000000000e+02 2.124563784685665202e-01
1.080000000000000000e+02 2.124509733802770750e-01
1.090000000000000000e+02 2.124492561063873741e-01
1.100000000000000000e+02 2.124468926810719471e-01
1.110000000000000000e+02 2.124454803493055488e-01
1.120000000000000000e+02 2.124436436522050275e-01
1.130000000000000000e+02 2.124427644923887748e-01
1.140000000000000000e+02 2.124413109553295598e-01
1.150000000000000000e+02 2.124391347294982690e-01
1.160000000000000000e+02 2.124355078074609826e-01
1.170000000000000000e+02 2.124123807373661799e-01
1.180000000000000000e+02 2.124066685594082349e-01
1.190000000000000000e+02 2.123838960682186139e-01
1.200000000000000000e+02 2.123199172059300199e-01
1.210000000000000000e+02 2.122298769490302828e-01
1.220000000000000000e+02 2.121622635029982995e-01
1.230000000000000000e+02 2.117789426553915166e-01
1.240000000000000000e+02 2.112170810538472054e-01
1.250000000000000000e+02 2.097539153991085092e-01
1.260000000000000000e+02 2.089127770698037956e-01
1.270000000000000000e+02 2.070009254259035092e-01
1.280000000000000000e+02 2.045067166735774489e-01
1.290000000000000000e+02 2.011084909547273814e-01
1.300000000000000000e+02 1.966586006918442930e-01
1.310000000000000000e+02 1.858152503485527574e-01
1.320000000000000000e+02 1.819646625438640086e-01
1.330000000000000000e+02 1.797031425506151747e-01
1.340000000000000000e+02 1.768344621924767823e-01
1.350000000000000000e+02 1.741632591967587074e-01
1.360000000000000000e+02 1.726725726037905140e-01
1.370000000000000000e+02 1.696084125143582644e-01
1.380000000000000000e+02 1.680395562419973454e-01
1.390000000000000000e+02 1.643813189278341413e-01
1.400000000000000000e+02 1.550010579343740758e-01
1.410000000000000000e+02 1.439238017419130766e-01
1.420000000000000000e+02 1.415450785904933673e-01
1.430000000000000000e+02 1.363627633710726983e-01
1.440000000000000000e+02 1.358286661620710933e-01
1.450000000000000000e+02 1.350958878638658378e-01
1.460000000000000000e+02 1.344254996888408771e-01
1.470000000000000000e+02 1.337804064226807421e-01
1.480000000000000000e+02 1.332573359025842341e-01
1.490000000000000000e+02 1.328647291527078611e-01
1.500000000000000000e+02 1.322400952812519959e-01
1.510000000000000000e+02 1.309834464993557546e-01
1.520000000000000000e+02 1.308652303780329929e-01
1.530000000000000000e+02 1.302260582900664487e-01
1.540000000000000000e+02 1.298179191150161393e-01
1.550000000000000000e+02 1.295833280388760111e-01
1.560000000000000000e+02 1.292527223624996280e-01
1.570000000000000000e+02 1.290364552660458186e-01
1.580000000000000000e+02 1.287693094945190631e-01
1.590000000000000000e+02 1.286578459567081778e-01
1.600000000000000000e+02 1.285712519054287017e-01
1.610000000000000000e+02 1.285012947752431356e-01
1.620000000000000000e+02 1.284357202603487458e-01
1.630000000000000000e+02 1.283761493158202260e-01
1.640000000000000000e+02 1.282843490445985668e-01
1.650000000000000000e+02 1.282138563895076078e-01
1.660000000000000000e+02 1.281349171173129797e-01
1.670000000000000000e+02 1.280950466741366256e-01
1.680000000000000000e+02 1.280380930188229072e-01
1.690000000000000000e+02 1.279443395140654194e-01
1.700000000000000000e+02 1.278568513390907213e-01
1.710000000000000000e+02 1.276916943215838374e-01
1.720000000000000000e+02 1.274424909022384422e-01
1.730000000000000000e+02 1.273359609160464867e-01
1.740000000000000000e+02 1.270205510133117777e-01
1.750000000000000000e+02 1.266612919418540484e-01
1.760000000000000000e+02 1.259998317086276076e-01
1.770000000000000000e+02 1.257304799865718303e-01
1.780000000000000000e+02 1.256038013848208290e-01
1.790000000000000000e+02 1.253574896151523066e-01
1.800000000000000000e+02 1.252788756834864459e-01
1.810000000000000000e+02 1.251685411257357494e-01
1.820000000000000000e+02 1.250866035285611577e-01
1.830000000000000000e+02 1.250519695553283517e-01
1.840000000000000000e+02 1.250130624268193380e-01
1.850000000000000000e+02 1.249981922326240807e-01
1.860000000000000000e+02 1.249878232256980276e-01
1.870000000000000000e+02 1.249830517274546082e-01
1.880000000000000000e+02 1.249811467064562559e-01
1.890000000000000000e+02 1.249781216897963843e-01
1.900000000000000000e+02 1.249770314715124842e-01
1.910000000000000000e+02 1.249746339970361636e-01
1.920000000000000000e+02 1.249743415113799411e-01
1.930000000000000000e+02 1.249741335783657870e-01
1.940000000000000000e+02 1.249739616153089372e-01
1.950000000000000000e+02 1.249738217006111513e-01
1.960000000000000000e+02 1.249736305043126633e-01
1.970000000000000000e+02 1.249734945867619490e-01
1.980000000000000000e+02 1.249733028748711422e-01
1.990000000000000000e+02 1.249732743321132072e-01
2.000000000000000000e+02 1.249732522918529792e-01
2.010000000000000000e+02 1.249732418355392893e-01
2.020000000000000000e+02 1.249732372004603298e-01
2.030000000000000000e+02 1.249732296596650222e-01
2.040000000000000000e+02 1.249732273602122135e-01
2.050000000000000000e+02 1.249732253111423552e-01
