1.000000000000000000e+00 -7.812166145451429067e-01
2.000000000000000000e+00 -8.250181262778636393e-01
3.000000000000000000e+00 -8.767421351364590443e-01
4.000000000000000000e+00 -8.818751225130302407e-01
5.000000000000000000e+00 -8.864101939636820360e-01
6.000000000000000000e+00 -8.894900350263797995e-01
7.000000000000000000e+00 -8.924884292764941884e-01
8.000000000000000000e+00 -8.947343658202396854e-01
9.000000000000000000e+00 -8.978681137111950150e-01
1.000000000000000000e+01 -9.011868376255196544e-01
1.100000000000000000e+01 -9.033447790089228491e-01
1.200000000000000000e+01 -9.056345595664012649e-01
1.300000000000000000e+01 -9.081039004497284406e-01
1.400000000000000000e+01 -9.142168993745074523e-01
1.500000000000000000e+01 -9.182336577570174851e-01
1.600000000000000000e+01 -9.203208197839605198e-01
1.700000000000000000e+01 -9.217529594138809124e-01
1.800000000000000000e+01 -9.242209300314858655e-01
1.900000000000000000e+01 -9.257567998260047837e-01
2.000000000000000000e+01 -9.267179115676128509e-01
2.100000000000000000e+01 -9.277434344281317857e-01
2.200000000000000000e+01 -9.287849721584671148e-01
2.300000000000000000e+01 -9.290130415541960618e-01
2.400000000000000000e+01 -9.292834847336497450e-01
2.500000000000000000e+01 -9.296321475952700197e-01
2.600000000000000000e+01 -9.299494536029100367e-01
2.700000000000000000e+01 -9.302304211371817955e-01
2.800000000000000000e+01 -9.304441499115805314e-01
2.900000000000000000e+01 -9.307673848079544010e-01
3.000000000000000000e+01 -9.309170381317417586e-01
3.100000000000000000e+01 -9.310954764988327303e-01
3.200000000000000000e+01 -9.314272231440385852e-01
3.300000000000000000e+01 -9.315411306707774841e-01
3.400000000000000000e+01 -9.316590041924632803e-01
3.500000000000000000e+01 -9.317216022305230272e-01
3.600000000000000000e+01 -9.317767451137961565e-01
3.700000000000000000e+01 -9.317931510876369394e-01
3.800000000000000000e+01 -9.318066284666791654e-01
3.900000000000000000e+01 -9.318360394813646197e-01
4.000000000000000000e+01 -9.318524344108277679e-01
4.100000000000000000e+01 -9.318554922875722513e-01
4.200000000000000000e+01 -9.318563006968807461e-01
4.300000000000000000e+01 -9.318566769170401054e-01
4.400000000000000000e+01 -9.318568578929296020e-01
4.500000000000000000e+01 -9.318569742219731111e-01
4.600000000000000000e+01 -9.318570512019310748e-01
4.700000000000000000e+01 -9.318571921540285130e-01
4.800000000000000000e+01 -9.318572196864820523e-01
4.900000000000000000e+01 -9.318572368479774992e-01
5.000000000000000000e+01 -9.318572404733869163e-01
