1.000000000000000000e+00 2.502243145720386419e-01
2.000000000000000000e+00 2.469645203516139254e-01
3.000000000000000000e+00 2.427366812370669868e-01
4.000000000000000000e+00 2.415619642941397027e-01
5.000000000000000000e+00 2.413027335141218199e-01
6.000000000000000000e+00 2.409983640383953629e-01
7.000000000000000000e+00 2.400673866279294522e-01
8.000000000000000000e+00 2.392062469749809961e-01
9.000000000000000000e+00 2.383179897389911261e-01
1.000000000000000000e+01 2.378680021927184751e-01
1.100000000000000000e+01 2.373462807276561226e-01
1.200000000000000000e+01 2.366353925139677850e-01
1.300000000000000000e+01 2.357348185641127691e-01
1.400000000000000000e+01 2.356252946723468022e-01
1.500000000000000000e+01 2.356012733659635094e-01
1.600000000000000000e+01 2.355684921100630880e-01
1.700000000000000000e+01 2.354298435805998457e-01
1.800000000000000000e+01 2.354015717697636179e-01
1.900000000000000000e+01 2.353836481998873298e-01
2.000000000000000000e+01 2.353802387443186539e-01
2.100000000000000000e+01 2.353701776115717792e-01
2.200000000000000000e+01 2.353568656410641724e-01
2.300000000000000000e+01 2.353436557859596434e-01
2.400000000000000000e+01 2.353344117291867599e-01
2.500000000000000000e+01 2.353299256237081916e-01
2.600000000000000000e+01 2.353295016765779568e-01
2.700000000000000000e+01 2.353293938575977406e-01
2.800000000000000000e+01 2.353293726757059168e-01
2.900000000000000000e+01 2.353293640333777859e-01
3.000000000000000000e+01 2.353293619345121768e-01
