1.000000000000000000e+00 -7.048563111589157826e-01
2.000000000000000000e+00 -7.195665027050188733e-01
3.000000000000000000e+00 -7.221604710021738427e-01
4.000000000000000000e+00 -7.241376095373435184e-01
5.000000000000000000e+00 -7.253703286301734776e-01
6.000000000000000000e+00 -7.257242596404381851e-01
7.000000000000000000e+00 -7.258462564246276338e-01
8.000000000000000000e+00 -7.259452767477307944e-01
9.000000000000000000e+00 -7.260315671304617968e-01
1.000000000000000000e+01 -7.262074829492594086e-01
1.100000000000000000e+01 -7.264093175763075561e-01
1.200000000000000000e+01 -7.266167068221942582e-01
1.300000000000000000e+01 -7.267301290723159335e-01
1.400000000000000000e+01 -7.267754753741156870e-01
1.500000000000000000e+01 -7.267925066907237053e-01
1.600000000000000000e+01 -7.269211528988536175e-01
1.700000000000000000e+01 -7.272873524687314406e-01
1.800000000000000000e+01 -7.276758809684723550e-01
1.900000000000000000e+01 -7.278930718974061520e-01
2.000000000000000000e+01 -7.285956663042747472e-01
2.100000000000000000e+01 -7.308327570224251168e-01
2.200000000000000000e+01 -7.331102807433947932e-01
2.300000000000000000e+01 -7.351205018360562615e-01
2.400000000000000000e+01 -7.368635826202996064e-01
2.500000000000000000e+01 -7.423990134517104433e-01
2.600000000000000000e+01 -7.428055991316965256e-01
2.700000000000000000e+01 -7.464501233375606670e-01
2.800000000000000000e+01 -7.482426175108431998e-01
2.900000000000000000e+01 -7.512577085902854002e-01
3.000000000000000000e+01 -7.530644505672912103e-01
3.100000000000000000e+01 -7.542088266861094459e-01
3.200000000000000000e+01 -7.550157730534092781e-01
3.300000000000000000e+01 -7.554813414374812464e-01
3.400000000000000000e+01 -7.559494569497189342e-01
3.500000000000000000e+01 -7.561526546560085604e-01
3.600000000000000000e+01 -7.563429200327635993e-01
3.700000000000000000e+01 -7.566331148173937038e-01
3.800000000000000000e+01 -7.571415565761634436e-01
3.900000000000000000e+01 -7.581999401942128847e-01
4.000000000000000000e+01 -7.585733830997500871e-01
4.100000000000000000e+01 -7.597938402331252394e-01
4.200000000000000000e+01 -7.609672580263387998e-01
4.300000000000000000e+01 -7.622914171320255283e-01
4.400000000000000000e+01 -7.639546837648113486e-01
4.500000000000000000e+01 -7.645013737997835568e-01
4.600000000000000000e+01 -7.654695307176568875e-01
4.700000000000000000e+01 -7.664083403356358737e-01
4.800000000000000000e+01 -7.666461529872539149e-01
4.900000000000000000e+01 -7.668627117767760071e-01
5.000000000000000000e+01 -7.672409714455752372e-01
5.100000000000000000e+01 -7.686392152202522476e-01
5.200000000000000000e+01 -7.687251242882066071e-01
5.300000000000000000e+01 -7.691468710463363889e-01
5.400000000000000000e+01 -7.694299720038267898e-01
5.500000000000000000e+01 -7.696130487485877136e-01
5.600000000000000000e+01 -7.699922894495613290e-01
5.700000000000000000e+01 -7.701591985992536360e-01
5.800000000000000000e+01 -7.703271605468714478e-01
5.900000000000000000e+01 -7.705054994958593362e-01
6.000000000000000000e+01 -7.707600822572368005e-01
6.100000000000000000e+01 -7.709030706652615361e-01
6.200000000000000000e+01 -7.710951035639911355e-01
6.300000000000000000e+01 -7.711880723773519852e-01
6.400000000000000000e+01 -7.712469859702417718e-01
6.500000000000000000e+01 -7.713421320893604216e-01
6.600000000000000000e+01 -7.714718312549787571e-01
6.700000000000000000e+01 -7.715772595275347534e-01
6.800000000000000000e+01 -7.717466444642637757e-01
6.900000000000000000e+01 -7.719298086599190034e-01
7.000000000000000000e+01 -7.720850735637410089e-01
7.100000000000000000e+01 -7.722727474524293534e-01
7.200000000000000000e+01 -7.724012703223290810e-01
7.300000000000000000e+01 -7.724928373242500035e-01
7.400000000000000000e+01 -7.727020610905355191e-01
7.500000000000000000e+01 -7.728346915365013059e-01
7.600000000000000000e+01 -7.729405344276354395e-01
7.700000000000000000e+01 -7.730607504456706858e-01
7.800000000000000000e+01 -7.732430988054516119e-01
7.900000000000000000e+01 -7.734724547532876304e-01
8.000000000000000000e+01 -7.740519046475440312e-01
8.100000000000000000e+01 -7.750341218699918766e-01
8.200000000000000000e+01 -7.754621987166521180e-01
8.300000000000000000e+01 -7.759826546019731319e-01
8.400000000000000000e+01 -7.773106094952992873e-01
8.500000000000000000e+01 -7.806971669219666676e-01
8.600000000000000000e+01 -7.827965636493220414e-01
8.700000000000000000e+01 -7.858506056649638971e-01
8.800000000000000000e+01 -7.885595751948136778e-01
8.900000000000000000e+01 -7.928708203737961924e-01
9.000000000000000000e+01 -7.943633905966942521e-01
9.100000000000000000e+01 -7.950654087275432769e-01
9.200000000000000000e+01 -7.953105422131239166e-01
9.300000000000000000e+01 -7.956034457447624941e-01
9.400000000000000000e+01 -7.957217627490590361e-01
9.500000000000000000e+01 -7.958911956261840448e-01
9.600000000000000000e+01 -7.962946999405304815e-01
9.700000000000000000e+01 -7.966629412348683603e-01
9.800000000000000000e+01 -7.971787787420929750e-01
9.900000000000000000e+01 -7.974541786263154020e-01
1.000000000000000000e+02 -7.975504126463421883e-01
1.010000000000000000e+02 -7.976062747847660894e-01
1.020000000000000000e+02 -7.976367100708021685e-01
1.030000000000000000e+02 -7.976713291063657341e-01
1.040000000000000000e+02 -7.976757026293378461e-01
1.050000000000000000e+02 -7.976791995806837843e-01
1.060000000000000000e+02 -7.976807692550829110e-01
1.070000000000000000e+02 -7.976813130712412381e-01
1.080000000000000000e+02 -7.976814253157965551e-01
1.090000000000000000e+02 -7.976814508907069667e-01
1.100000000000000000e+02 -7.976814716390444593e-01
1.110000000000000000e+02 -7.976814780739567290e-01
1.120000000000000000e+02 -7.976814842319764898e-01
1.130000000000000000e+02 -7.976814860260036388e-01
