1.000000000000000000e+00 -6.985811794591354484e-01
2.000000000000000000e+00 -7.031163439614421806e-01
3.000000000000000000e+00 -7.232943680232348793e-01
4.000000000000000000e+00 -7.374202300884518113e-01
5.000000000000000000e+00 -8.358064845605989168e-01
6.000000000000000000e+00 -8.437180840675181370e-01
7.000000000000000000e+00 -8.458137728248632525e-01
8.000000000000000000e+00 -8.473394712583467436e-01
9.000000000000000000e+00 -8.483215278543674298e-01
1.000000000000000000e+01 -8.498719144491515554e-01
1.100000000000000000e+01 -8.499593358696431178e-01
1.200000000000000000e+01 -8.499915016406776047e-01
1.300000000000000000e+01 -8.499943642855343207e-01
1.400000000000000000e+01 -8.499945352543872845e-01
