1.000000000000000000e+00 -6.849055955048584110e-01
2.000000000000000000e+00 -7.712646528031215087e-01
3.000000000000000000e+00 -8.025550110649681823e-01
4.000000000000000000e+00 -8.294291124436357077e-01
5.000000000000000000e+00 -8.520044743339998394e-01
6.000000000000000000e+00 -8.703655317706331385e-01
7.000000000000000000e+00 -8.825273168541136748e-01
8.000000000000000000e+00 -8.910514555973567674e-01
9.000000000000000000e+00 -9.034269545553024194e-01
1.000000000000000000e+01 -9.121771247522407755e-01
1.100000000000000000e+01 -9.149637454386458923e-01
1.200000000000000000e+01 -9.172205727904205741e-01
1.300000000000000000e+01 -9.220235668959128050e-01
1.400000000000000000e+01 -9.261417971703816976e-01
1.500000000000000000e+01 -9.294771287926961723e-01
1.600000000000000000e+01 -9.321119065905918433e-01
1.700000000000000000e+01 -9.333716632250665945e-01
1.800000000000000000e+01 -9.355869988749689892e-01
1.900000000000000000e+01 -9.378145341403112401e-01
2.000000000000000000e+01 -9.397569954980723450e-01
2.100000000000000000e+01 -9.409250639277731976e-01
2.200000000000000000e+01 -9.423785337910119964e-01
2.300000000000000000e+01 -9.458897482162650361e-01
2.400000000000000000e+01 -9.494217247817742233e-01
2.500000000000000000e+01 -9.527250481952126426e-01
2.600000000000000000e+01 -9.546073602848335060e-01
2.700000000000000000e+01 -9.551579267857356337e-01
2.800000000000000000e+01 -9.557463691586345345e-01
2.900000000000000000e+01 -9.560586763735750004e-01
3.000000000000000000e+01 -9.563311032356541785e-01
3.100000000000000000e+01 -9.564701379423726779e-01
3.200000000000000000e+01 -9.568493187286795099e-01
3.300000000000000000e+01 -9.570844713369868195e-01
3.400000000000000000e+01 -9.571776597391378205e-01
3.500000000000000000e+01 -9.572966221398191422e-01
3.600000000000000000e+01 -9.573475885560601695e-01
3.700000000000000000e+01 -9.574416072099540820e-01
3.800000000000000000e+01 -9.575168854921729533e-01
3.900000000000000000e+01 -9.575842732843855565e-01
4.000000000000000000e+01 -9.577285167082854045e-01
4.100000000000000000e+01 -9.578281806724343594e-01
4.200000000000000000e+01 -9.579132995620156521e-01
4.300000000000000000e+01 -9.580010115930484016e-01
4.400000000000000000e+01 -9.580762531577040608e-01
4.500000000000000000e+01 -9.581250552675129040e-01
4.600000000000000000e+01 -9.581916179667067102e-01
4.700000000000000000e+01 -9.582510558741753615e-01
4.800000000000000000e+01 -9.583113847416268039e-01
4.900000000000000000e+01 -9.583480354583661098e-01
5.000000000000000000e+01 -9.583838025685842421e-01
5.100000000000000000e+01 -9.584186366997450301e-01
5.200000000000000000e+01 -9.584488683671846809e-01
5.300000000000000000e+01 -9.584763434354244271e-01
5.400000000000000000e+01 -9.585123455687636351e-01
5.500000000000000000e+01 -9.585346557083389563e-01
5.600000000000000000e+01 -9.585528062755713785e-01
5.700000000000000000e+01 -9.585666736440768831e-01
5.800000000000000000e+01 -9.586037519726641198e-01
5.900000000000000000e+01 -9.586189880355074910e-01
6.000000000000000000e+01 -9.586437068780279125e-01
6.100000000000000000e+01 -9.586831000652061840e-01
6.200000000000000000e+01 -9.587518355360730160e-01
6.300000000000000000e+01 -9.587910760494977591e-01
6.400000000000000000e+01 -9.588732125402937845e-01
6.500000000000000000e+01 -9.589164181398942555e-01
6.600000000000000000e+01 -9.589635283451874992e-01
6.700000000000000000e+01 -9.590405934478778427e-01
6.800000000000000000e+01 -9.590865684258644830e-01
6.900000000000000000e+01 -9.591189753111395433e-01
7.000000000000000000e+01 -9.591528040948155143e-01
7.100000000000000000e+01 -9.591664303716562756e-01
7.200000000000000000e+01 -9.591786335358902793e-01
7.300000000000000000e+01 -9.591891032885748736e-01
7.400000000000000000e+01 -9.591999631905554491e-01
7.500000000000000000e+01 -9.592115297251839756e-01
7.600000000000000000e+01 -9.592206860636471877e-01
7.700000000000000000e+01 -9.592280015190253195e-01
7.800000000000000000e+01 -9.592383449776008542e-01
7.900000000000000000e+01 -9.592469258205110760e-01
8.000000000000000000e+01 -9.592571882650773318e-01
8.100000000000000000e+01 -9.592757925192494373e-01
8.200000000000000000e+01 -9.592858136431587912e-01
8.300000000000000000e+01 -9.592927921039837713e-01
8.400000000000000000e+01 -9.592988606495984616e-01
8.500000000000000000e+01 -9.593008800480027354e-01
8.600000000000000000e+01 -9.593053596377271175e-01
8.700000000000000000e+01 -9.593102313751254995e-01
8.800000000000000000e+01 -9.593120469567698594e-01
8.900000000000000000e+01 -9.593192112933170979e-01
9.000000000000000000e+01 -9.593222626194425340e-01
9.100000000000000000e+01 -9.593270331875903834e-01
9.200000000000000000e+01 -9.593351391460614996e-01
9.300000000000000000e+01 -9.593435209428288202e-01
9.400000000000000000e+01 -9.593543687842374101e-01
9.500000000000000000e+01 -9.593617177402731233e-01
9.600000000000000000e+01 -9.593710585202979146e-01
9.700000000000000000e+01 -9.593793873581329956e-01
9.800000000000000000e+01 -9.594009537164430723e-01
9.900000000000000000e+01 -9.594159191616721261e-01
1.000000000000000000e+02 -9.594351430074822273e-01
1.010000000000000000e+02 -9.594548149907615731e-01
1.020000000000000000e+02 -9.594814698055919022e-01
1.030000000000000000e+02 -9.595013962739942226e-01
1.040000000000000000e+02 -9.595302359052314545e-01
1.050000000000000000e+02 -9.595616942790049508e-01
1.060000000000000000e+02 -9.595931446288828992e-01
1.070000000000000000e+02 -9.596174934210540686e-01
1.080000000000000000e+02 -9.596426104750649388e-01
1.090000000000000000e+02 -9.596730120910892392e-01
1.100000000000000000e+02 -9.597205853143008225e-01
1.110000000000000000e+02 -9.597546182536703663e-01
1.120000000000000000e+02 -9.597904294856509644e-01
1.130000000000000000e+02 -9.598605653826188799e-01
1.140000000000000000e+02 -9.598952749563696152e-01
1.150000000000000000e+02 -9.599730132385360104e-01
1.160000000000000000e+02 -9.600504664211690908e-01
1.170000000000000000e+02 -9.601306884200917491e-01
1.180000000000000000e+02 -9.601793153403994641e-01
1.190000000000000000e+02 -9.602374347168129987e-01
1.200000000000000000e+02 -9.603107995278749032e-01
1.210000000000000000e+02 -9.603695487452300616e-01
1.220000000000000000e+02 -9.604628569935911298e-01
1.230000000000000000e+02 -9.606065710295119686e-01
1.240000000000000000e+02 -9.607373037070807698e-01
1.250000000000000000e+02 -9.607782174671274378e-01
1.260000000000000000e+02 -9.608298894729186967e-01
1.270000000000000000e+02 -9.608630579502189795e-01
1.280000000000000000e+02 -9.609245563081789676e-01
1.290000000000000000e+02 -9.610480362527837883e-01
1.300000000000000000e+02 -9.611525240870844033e-01
1.310000000000000000e+02 -9.612741290981767772e-01
1.320000000000000000e+02 -9.613174344621460143e-01
1.330000000000000000e+02 -9.613881081129264095e-01
1.340000000000000000e+02 -9.614242110826076715e-01
1.350000000000000000e+02 -9.614972007898435757e-01
1.360000000000000000e+02 -9.615925305879554630e-01
1.370000000000000000e+02 -9.617066546104788838e-01
1.380000000000000000e+02 -9.618464203711435401e-01
1.390000000000000000e+02 -9.620336069420768466e-01
1.400000000000000000e+02 -9.621554882784519869e-01
1.410000000000000000e+02 -9.622383521647686067e-01
1.420000000000000000e+02 -9.622967411370982882e-01
1.430000000000000000e+02 -9.623859442404671949e-01
1.440000000000000000e+02 -9.624624282614747672e-01
1.450000000000000000e+02 -9.626038831688040753e-01
1.460000000000000000e+02 -9.627921117745656954e-01
1.470000000000000000e+02 -9.629249957197859588e-01
1.480000000000000000e+02 -9.629724743655085906e-01
1.490000000000000000e+02 -9.632319989234612301e-01
1.500000000000000000e+02 -9.633968963641938998e-01
1.510000000000000000e+02 -9.636583012666494197e-01
1.520000000000000000e+02 -9.638355438664131247e-01
1.530000000000000000e+02 -9.640290777573781167e-01
1.540000000000000000e+02 -9.641327208836034668e-01
1.550000000000000000e+02 -9.643319023945987611e-01
1.560000000000000000e+02 -9.643693716268865179e-01
1.570000000000000000e+02 -9.644901622908528260e-01
1.580000000000000000e+02 -9.645227629907631162e-01
1.590000000000000000e+02 -9.645662222638123895e-01
1.600000000000000000e+02 -9.646378374709678738e-01
1.610000000000000000e+02 -9.646503031197447564e-01
1.620000000000000000e+02 -9.647123604040855893e-01
1.630000000000000000e+02 -9.647475321674745530e-01
1.640000000000000000e+02 -9.648054922964744984e-01
1.650000000000000000e+02 -9.648782971513368834e-01
1.660000000000000000e+02 -9.649461402160447454e-01
1.670000000000000000e+02 -9.650479581855933020e-01
1.680000000000000000e+02 -9.651179839668948546e-01
1.690000000000000000e+02 -9.652088869895624201e-01
1.700000000000000000e+02 -9.652564720400662601e-01
1.710000000000000000e+02 -9.653184104803693710e-01
1.720000000000000000e+02 -9.653514601489129321e-01
1.730000000000000000e+02 -9.653789192030270971e-01
1.740000000000000000e+02 -9.654168868539347859e-01
1.750000000000000000e+02 -9.654630292207017073e-01
1.760000000000000000e+02 -9.655008759205019331e-01
1.770000000000000000e+02 -9.655301276687835443e-01
1.780000000000000000e+02 -9.655498027533839789e-01
1.790000000000000000e+02 -9.655663439281028104e-01
1.800000000000000000e+02 -9.655936598744132571e-01
1.810000000000000000e+02 -9.656280541991880684e-01
1.820000000000000000e+02 -9.656588790538197520e-01
1.830000000000000000e+02 -9.656894827487519928e-01
1.840000000000000000e+02 -9.657058701080170060e-01
1.850000000000000000e+02 -9.657264387887741774e-01
1.860000000000000000e+02 -9.657713896472469584e-01
1.870000000000000000e+02 -9.658070924493058484e-01
1.880000000000000000e+02 -9.658360310727790443e-01
1.890000000000000000e+02 -9.658659760452174003e-01
1.900000000000000000e+02 -9.658965987254249930e-01
1.910000000000000000e+02 -9.659319420048244620e-01
1.920000000000000000e+02 -9.659485912439125244e-01
1.930000000000000000e+02 -9.659887016802293225e-01
1.940000000000000000e+02 -9.660003599035484889e-01
1.950000000000000000e+02 -9.660203533824924804e-01
1.960000000000000000e+02 -9.660477093611697930e-01
1.970000000000000000e+02 -9.660769864497303905e-01
1.980000000000000000e+02 -9.660976963784103644e-01
1.990000000000000000e+02 -9.661097977061247066e-01
2.000000000000000000e+02 -9.661321608864835708e-01
2.010000000000000000e+02 -9.661497115323807172e-01
2.020000000000000000e+02 -9.661847421645785028e-01
2.030000000000000000e+02 -9.662373252648049915e-01
2.040000000000000000e+02 -9.662749392685130445e-01
2.050000000000000000e+02 -9.663442023881357867e-01
2.060000000000000000e+02 -9.664077479171537810e-01
2.070000000000000000e+02 -9.665399057026599072e-01
2.080000000000000000e+02 -9.667170538236650179e-01
2.090000000000000000e+02 -9.667874051935788637e-01
2.100000000000000000e+02 -9.668728667236722307e-01
2.110000000000000000e+02 -9.669341288070600893e-01
2.120000000000000000e+02 -9.669783060155759946e-01
2.130000000000000000e+02 -9.670303134464570682e-01
2.140000000000000000e+02 -9.670924759747363542e-01
2.150000000000000000e+02 -9.671456915901124329e-01
2.160000000000000000e+02 -9.671963505699511243e-01
2.170000000000000000e+02 -9.672888492798094040e-01
2.180000000000000000e+02 -9.673238089540288076e-01
2.190000000000000000e+02 -9.673646936739482838e-01
2.200000000000000000e+02 -9.673811134579629600e-01
2.210000000000000000e+02 -9.674018867372090602e-01
2.220000000000000000e+02 -9.674408676798188500e-01
2.230000000000000000e+02 -9.674702212516524957e-01
2.240000000000000000e+02 -9.675157795402156147e-01
2.250000000000000000e+02 -9.675379664958448922e-01
2.260000000000000000e+02 -9.675635253630474608e-01
2.270000000000000000e+02 -9.675966263571758041e-01
2.280000000000000000e+02 -9.676458111251976524e-01
2.290000000000000000e+02 -9.676770834504871965e-01
2.300000000000000000e+02 -9.677376298211223249e-01
2.310000000000000000e+02 -9.677622454363327131e-01
2.320000000000000000e+02 -9.678001974519533368e-01
2.330000000000000000e+02 -9.678286247403177223e-01
2.340000000000000000e+02 -9.678491249632296123e-01
2.350000000000000000e+02 -9.678911025100900289e-01
2.360000000000000000e+02 -9.679132815343930440e-01
2.370000000000000000e+02 -9.679328088752615633e-01
2.380000000000000000e+02 -9.679646409879417712e-01
2.390000000000000000e+02 -9.679849360663393965e-01
2.400000000000000000e+02 -9.680287422667970265e-01
2.410000000000000000e+02 -9.680536963663374239e-01
2.420000000000000000e+02 -9.680729921918963532e-01
2.430000000000000000e+02 -9.680917679505750550e-01
2.440000000000000000e+02 -9.681152250043461027e-01
2.450000000000000000e+02 -9.681499018462169648e-01
2.460000000000000000e+02 -9.681724730258314260e-01
2.470000000000000000e+02 -9.681898618587316818e-01
2.480000000000000000e+02 -9.681999960285055939e-01
2.490000000000000000e+02 -9.682141081649396908e-01
2.500000000000000000e+02 -9.682333967214301618e-01
2.510000000000000000e+02 -9.682613033146357795e-01
2.520000000000000000e+02 -9.682856667485288948e-01
2.530000000000000000e+02 -9.683029803353910836e-01
2.540000000000000000e+02 -9.683137580946099554e-01
2.550000000000000000e+02 -9.683221155800991742e-01
2.560000000000000000e+02 -9.683619994770097383e-01
2.570000000000000000e+02 -9.683845460178843734e-01
2.580000000000000000e+02 -9.684094466900208253e-01
2.590000000000000000e+02 -9.684259592763375668e-01
2.600000000000000000e+02 -9.684498334144252540e-01
2.610000000000000000e+02 -9.684751183198362368e-01
2.620000000000000000e+02 -9.684965685451811801e-01
2.630000000000000000e+02 -9.685254674933381214e-01
2.640000000000000000e+02 -9.685431354648253999e-01
2.650000000000000000e+02 -9.685633757733935756e-01
2.660000000000000000e+02 -9.685764857420562368e-01
2.670000000000000000e+02 -9.685827361334827801e-01
2.680000000000000000e+02 -9.685956802768191931e-01
2.690000000000000000e+02 -9.686125367359216254e-01
2.700000000000000000e+02 -9.686295542179947926e-01
2.710000000000000000e+02 -9.686495094783171833e-01
2.720000000000000000e+02 -9.686614432275163500e-01
2.730000000000000000e+02 -9.686704918729657221e-01
2.740000000000000000e+02 -9.686851582563258400e-01
2.750000000000000000e+02 -9.687026052792211406e-01
2.760000000000000000e+02 -9.687206149288511980e-01
2.770000000000000000e+02 -9.687422303214010544e-01
2.780000000000000000e+02 -9.687531435873765195e-01
2.790000000000000000e+02 -9.687695025766136503e-01
2.800000000000000000e+02 -9.687825787108588216e-01
2.810000000000000000e+02 -9.687882546184934940e-01
2.820000000000000000e+02 -9.688010753060152247e-01
2.830000000000000000e+02 -9.688162622657469081e-01
2.840000000000000000e+02 -9.688365711731653507e-01
2.850000000000000000e+02 -9.688636766359530750e-01
2.860000000000000000e+02 -9.689223348828539528e-01
2.870000000000000000e+02 -9.689433664227696807e-01
2.880000000000000000e+02 -9.690007867393714003e-01
2.890000000000000000e+02 -9.690324379836450230e-01
2.900000000000000000e+02 -9.690624106681332561e-01
2.910000000000000000e+02 -9.691205847491644043e-01
2.920000000000000000e+02 -9.691715047442169828e-01
2.930000000000000000e+02 -9.692036711410032535e-01
2.940000000000000000e+02 -9.692430457535107236e-01
2.950000000000000000e+02 -9.692878677474650040e-01
2.960000000000000000e+02 -9.693131659248576115e-01
2.970000000000000000e+02 -9.693374386040766177e-01
2.980000000000000000e+02 -9.693646496102062970e-01
2.990000000000000000e+02 -9.693894415395541975e-01
3.000000000000000000e+02 -9.694031663426216916e-01
3.010000000000000000e+02 -9.694277251852105870e-01
3.020000000000000000e+02 -9.694369199840363605e-01
3.030000000000000000e+02 -9.694572623068187234e-01
3.040000000000000000e+02 -9.694705239743334202e-01
3.050000000000000000e+02 -9.694848146451202631e-01
3.060000000000000000e+02 -9.695075254766237771e-01
3.070000000000000000e+02 -9.695276704466637696e-01
3.080000000000000000e+02 -9.695529511937828193e-01
3.090000000000000000e+02 -9.696152630419747620e-01
3.100000000000000000e+02 -9.696650975734256717e-01
3.110000000000000000e+02 -9.697123798461514399e-01
3.120000000000000000e+02 -9.698673590834413494e-01
3.130000000000000000e+02 -9.702188836221077306e-01
3.140000000000000000e+02 -9.703210003290188013e-01
3.150000000000000000e+02 -9.706710146991270882e-01
3.160000000000000000e+02 -9.707920084777208469e-01
3.170000000000000000e+02 -9.708953330767760015e-01
3.180000000000000000e+02 -9.710262688107760276e-01
3.190000000000000000e+02 -9.711387177827331962e-01
3.200000000000000000e+02 -9.712106864732547029e-01
3.210000000000000000e+02 -9.712736371433426941e-01
3.220000000000000000e+02 -9.713184705183550705e-01
3.230000000000000000e+02 -9.714115216770383698e-01
3.240000000000000000e+02 -9.714725370910453073e-01
3.250000000000000000e+02 -9.715677395330700739e-01
3.260000000000000000e+02 -9.716268934548701885e-01
3.270000000000000000e+02 -9.716615065618473546e-01
3.280000000000000000e+02 -9.716809170557558772e-01
3.290000000000000000e+02 -9.717165960732238039e-01
3.300000000000000000e+02 -9.717242950724767070e-01
3.310000000000000000e+02 -9.717354181820208048e-01
3.320000000000000000e+02 -9.717560063055330488e-01
3.330000000000000000e+02 -9.717906667804498966e-01
3.340000000000000000e+02 -9.718291021251386219e-01
3.350000000000000000e+02 -9.718642513445595599e-01
3.360000000000000000e+02 -9.718931359772128298e-01
3.370000000000000000e+02 -9.719134045078368089e-01
3.380000000000000000e+02 -9.719463881222865087e-01
3.390000000000000000e+02 -9.719823648682063277e-01
3.400000000000000000e+02 -9.720197965481932600e-01
3.410000000000000000e+02 -9.720706309416142776e-01
3.420000000000000000e+02 -9.721232813485661817e-01
3.430000000000000000e+02 -9.721820955163353872e-01
3.440000000000000000e+02 -9.722166609369702339e-01
3.450000000000000000e+02 -9.722344526757459304e-01
3.460000000000000000e+02 -9.722485204589397245e-01
3.470000000000000000e+02 -9.722652860624839688e-01
3.480000000000000000e+02 -9.722834134112551263e-01
3.490000000000000000e+02 -9.723053708353913693e-01
3.500000000000000000e+02 -9.723357927249616228e-01
3.510000000000000000e+02 -9.723462285078943168e-01
3.520000000000000000e+02 -9.723667267150275517e-01
3.530000000000000000e+02 -9.723873283876685036e-01
3.540000000000000000e+02 -9.724103442179692358e-01
