4.117124802949362894e-01
5.825499515951776397e-01
8.553809615064679184e-01
-1.318921893756443531e+00
6.203207766445194560e-01
3.755206384465773484e-01
1.032024742919241733e+00
-1.556869356866556198e-01
1.257413861317201009e+00
-1.025767461996568430e+00
7.364131104835003327e-01
1.837171801226187284e-01
3.338951249751566097e-01
5.861017702053670370e-02
1.185343101544214184e+00
-2.687534479782948349e+00
1.701831729649875946e+00
2.159589887358407401e-01
-2.401022096204440959e-01
1.782919915194669747e+00
1.755507161705041508e+00
9.908396683174382213e-02
-9.922226787124109881e-01
8.851091284818725091e-01
