1.000000000000000000e+00 1.986435024138467065e-01
2.000000000000000000e+00 1.448924766286953103e-01
3.000000000000000000e+00 1.166342977003611975e-01
4.000000000000000000e+00 1.067815637087541486e-01
5.000000000000000000e+00 9.901214332831122233e-02
6.000000000000000000e+00 9.622231563792993381e-02
7.000000000000000000e+00 9.441038236344906354e-02
8.000000000000000000e+00 9.114407931564770526e-02
9.000000000000000000e+00 8.867699797464409506e-02
1.000000000000000000e+01 8.770546043676126502e-02
1.100000000000000000e+01 8.722900550856609037e-02
1.200000000000000000e+01 8.673445911048338619e-02
1.300000000000000000e+01 8.610231195899308021e-02
1.400000000000000000e+01 8.561678880914409817e-02
1.500000000000000000e+01 8.544447711933905731e-02
1.600000000000000000e+01 8.530280427350547812e-02
1.700000000000000000e+01 8.514383460424110317e-02
1.800000000000000000e+01 8.495433904261970315e-02
1.900000000000000000e+01 8.479412545216710728e-02
2.000000000000000000e+01 8.469535883589481007e-02
2.100000000000000000e+01 8.460771599747081428e-02
2.200000000000000000e+01 8.453972745213787776e-02
2.300000000000000000e+01 8.441325625385129316e-02
2.400000000000000000e+01 8.435204864247553003e-02
2.500000000000000000e+01 8.421567078393490946e-02
2.600000000000000000e+01 8.416879724385312178e-02
2.700000000000000000e+01 8.407743071233150789e-02
2.800000000000000000e+01 8.405318383610867194e-02
2.900000000000000000e+01 8.396677671092285522e-02
3.000000000000000000e+01 8.388663444110246170e-02
3.100000000000000000e+01 8.374336410436419853e-02
3.200000000000000000e+01 8.360573177063669592e-02
3.300000000000000000e+01 8.349275245846335403e-02
3.400000000000000000e+01 8.341967051215691542e-02
3.500000000000000000e+01 8.328891759692774732e-02
3.600000000000000000e+01 8.295817361674634460e-02
3.700000000000000000e+01 8.250569076102967636e-02
3.800000000000000000e+01 8.209805538469998332e-02
3.900000000000000000e+01 8.160831969660638230e-02
4.000000000000000000e+01 8.072658877788731202e-02
4.100000000000000000e+01 7.988776344342801705e-02
4.200000000000000000e+01 7.929554900794859307e-02
4.300000000000000000e+01 7.869058912199250466e-02
4.400000000000000000e+01 7.830975330387078548e-02
4.500000000000000000e+01 7.755645342814347643e-02
4.600000000000000000e+01 7.660482636854842875e-02
4.700000000000000000e+01 7.612132352693352921e-02
4.800000000000000000e+01 7.547048067209066735e-02
4.900000000000000000e+01 7.480412598656957512e-02
5.000000000000000000e+01 7.402230643883667138e-02
5.100000000000000000e+01 7.321501058699370068e-02
5.200000000000000000e+01 7.199343148911202528e-02
5.300000000000000000e+01 7.041582766595622100e-02
5.400000000000000000e+01 6.840127143027024958e-02
5.500000000000000000e+01 6.677437636757554973e-02
5.600000000000000000e+01 6.492129194424405003e-02
5.700000000000000000e+01 6.382733158852643696e-02
5.800000000000000000e+01 6.170627605693491252e-02
5.900000000000000000e+01 5.868936337062442832e-02
6.000000000000000000e+01 5.577214075785872499e-02
6.100000000000000000e+01 5.344180809321925907e-02
6.200000000000000000e+01 5.094708176554513246e-02
6.300000000000000000e+01 5.006788865870690636e-02
6.400000000000000000e+01 4.897237517458702394e-02
6.500000000000000000e+01 4.866076490133657700e-02
6.600000000000000000e+01 4.762234485865354805e-02
6.700000000000000000e+01 4.670732857407757649e-02
6.800000000000000000e+01 4.573197455508901804e-02
6.900000000000000000e+01 4.474375541518664512e-02
7.000000000000000000e+01 4.421014566808793150e-02
7.100000000000000000e+01 4.399975052179799784e-02
7.200000000000000000e+01 4.371803786213632886e-02
7.300000000000000000e+01 4.341467716157061674e-02
7.400000000000000000e+01 4.305288969558710571e-02
7.500000000000000000e+01 4.289264775823307257e-02
7.600000000000000000e+01 4.270532186546236592e-02
7.700000000000000000e+01 4.242461793055062047e-02
7.800000000000000000e+01 4.220936667191281522e-02
7.900000000000000000e+01 4.207243737006847312e-02
8.000000000000000000e+01 4.197262708301766759e-02
8.100000000000000000e+01 4.177294497929660150e-02
8.200000000000000000e+01 4.158419647104937694e-02
8.300000000000000000e+01 4.130709205013879254e-02
8.400000000000000000e+01 4.095733979576730854e-02
8.500000000000000000e+01 4.070532810325305784e-02
8.600000000000000000e+01 4.027556276766691701e-02
8.700000000000000000e+01 3.999112592514684345e-02
8.800000000000000000e+01 3.963699384351297705e-02
8.900000000000000000e+01 3.947201437572544352e-02
9.000000000000000000e+01 3.908702370528219228e-02
9.100000000000000000e+01 3.894546468287365254e-02
9.200000000000000000e+01 3.849272920093164962e-02
9.300000000000000000e+01 3.758106877314453670e-02
9.400000000000000000e+01 3.701699533649736862e-02
9.500000000000000000e+01 3.652500950259224971e-02
9.600000000000000000e+01 3.551904585504171014e-02
9.700000000000000000e+01 3.479363354469410669e-02
9.800000000000000000e+01 3.380156845707551344e-02
9.900000000000000000e+01 3.341931776215405214e-02
1.000000000000000000e+02 3.318567150724016646e-02
1.010000000000000000e+02 3.302236448317041190e-02
1.020000000000000000e+02 3.278380786049582551e-02
1.030000000000000000e+02 3.244987170142148158e-02
1.040000000000000000e+02 3.218550605755214622e-02
1.050000000000000000e+02 3.201628104061125107e-02
1.060000000000000000e+02 3.184652744118723205e-02
1.070000000000000000e+02 3.173789003575366863e-02
1.080000000000000000e+02 3.162523060046066453e-02
1.090000000000000000e+02 3.157000249967030492e-02
1.100000000000000000e+02 3.151479006323016502e-02
1.110000000000000000e+02 3.147760864020186788e-02
1.120000000000000000e+02 3.132857578239387625e-02
1.130000000000000000e+02 3.125933240222346365e-02
1.140000000000000000e+02 3.114018122755730922e-02
1.150000000000000000e+02 3.109256175661492816e-02
1.160000000000000000e+02 3.105995092856403406e-02
1.170000000000000000e+02 3.100025496272240319e-02
1.180000000000000000e+02 3.094659071919721172e-02
1.190000000000000000e+02 3.091858214715597145e-02
1.200000000000000000e+02 3.089724995892723439e-02
1.210000000000000000e+02 3.088825394860572962e-02
1.220000000000000000e+02 3.087784794066423394e-02
1.230000000000000000e+02 3.085667928568770410e-02
1.240000000000000000e+02 3.084305853007878254e-02
1.250000000000000000e+02 3.082215650197332735e-02
1.260000000000000000e+02 3.079252078426356065e-02
1.270000000000000000e+02 3.077637412150132507e-02
1.280000000000000000e+02 3.075967965770692175e-02
1.290000000000000000e+02 3.074677720149913973e-02
1.300000000000000000e+02 3.073560729489828100e-02
1.310000000000000000e+02 3.072377819668468263e-02
1.320000000000000000e+02 3.071830112778505331e-02
1.330000000000000000e+02 3.070973945033285066e-02
1.340000000000000000e+02 3.070754319779406966e-02
1.350000000000000000e+02 3.069673711973967822e-02
1.360000000000000000e+02 3.069112603122288452e-02
1.370000000000000000e+02 3.068505957950664470e-02
1.380000000000000000e+02 3.067511403961128286e-02
1.390000000000000000e+02 3.064690991848238386e-02
1.400000000000000000e+02 3.062788887887661973e-02
1.410000000000000000e+02 3.060918903661986532e-02
1.420000000000000000e+02 3.059234482331226954e-02
1.430000000000000000e+02 3.058120743667457411e-02
1.440000000000000000e+02 3.056919199915847027e-02
1.450000000000000000e+02 3.055213057535127036e-02
1.460000000000000000e+02 3.053409706133886764e-02
1.470000000000000000e+02 3.052821953408061187e-02
1.480000000000000000e+02 3.051967596511600059e-02
1.490000000000000000e+02 3.051323046348408674e-02
1.500000000000000000e+02 3.050594983245616398e-02
1.510000000000000000e+02 3.049864998949994299e-02
1.520000000000000000e+02 3.049177649484740432e-02
1.530000000000000000e+02 3.048501713661663087e-02
1.540000000000000000e+02 3.047293278718825674e-02
1.550000000000000000e+02 3.046181546245780442e-02
1.560000000000000000e+02 3.045305489380909642e-02
1.570000000000000000e+02 3.043831249425974980e-02
1.580000000000000000e+02 3.042433246424615031e-02
1.590000000000000000e+02 3.040495893423235049e-02
1.600000000000000000e+02 3.037257402746119592e-02
1.610000000000000000e+02 3.033238447651926545e-02
1.620000000000000000e+02 3.029689693073372644e-02
1.630000000000000000e+02 3.027741372223760608e-02
1.640000000000000000e+02 3.022324718726497605e-02
1.650000000000000000e+02 3.019556699229042351e-02
1.660000000000000000e+02 3.012955173507860310e-02
1.670000000000000000e+02 3.006179558354137374e-02
1.680000000000000000e+02 3.003240086045566928e-02
1.690000000000000000e+02 2.997792362430987470e-02
1.700000000000000000e+02 2.994372737620316569e-02
1.710000000000000000e+02 2.989795970381890419e-02
1.720000000000000000e+02 2.985823970367569580e-02
1.730000000000000000e+02 2.981730895283356622e-02
1.740000000000000000e+02 2.977093069349446772e-02
1.750000000000000000e+02 2.970066794716716072e-02
1.760000000000000000e+02 2.960253385864744860e-02
1.770000000000000000e+02 2.957898359964632878e-02
1.780000000000000000e+02 2.956138648547436062e-02
1.790000000000000000e+02 2.953289490713852800e-02
1.800000000000000000e+02 2.950516997957467608e-02
1.810000000000000000e+02 2.947005188655679384e-02
1.820000000000000000e+02 2.942638056764356955e-02
1.830000000000000000e+02 2.938829627080014398e-02
1.840000000000000000e+02 2.937735733951553352e-02
1.850000000000000000e+02 2.936062035153151617e-02
1.860000000000000000e+02 2.935415285689988926e-02
1.870000000000000000e+02 2.934704934079700525e-02
1.880000000000000000e+02 2.933535182951474418e-02
1.890000000000000000e+02 2.931924411631711691e-02
1.900000000000000000e+02 2.930672622340340164e-02
1.910000000000000000e+02 2.929434595689209622e-02
1.920000000000000000e+02 2.928191984801266357e-02
1.930000000000000000e+02 2.927241240355768145e-02
1.940000000000000000e+02 2.925896707937732100e-02
1.950000000000000000e+02 2.924759510771639259e-02
1.960000000000000000e+02 2.923669295661858458e-02
1.970000000000000000e+02 2.922808475074916909e-02
1.980000000000000000e+02 2.922018221847831262e-02
1.990000000000000000e+02 2.921634669410747356e-02
2.000000000000000000e+02 2.920870100610364895e-02
2.010000000000000000e+02 2.920445461051760297e-02
2.020000000000000000e+02 2.919952853822038730e-02
2.030000000000000000e+02 2.919371041089302912e-02
2.040000000000000000e+02 2.918604964677701599e-02
2.050000000000000000e+02 2.917915507270636699e-02
2.060000000000000000e+02 2.917402809632973007e-02
2.070000000000000000e+02 2.916937612997050691e-02
2.080000000000000000e+02 2.916339731721842576e-02
2.090000000000000000e+02 2.914428505064064340e-02
2.100000000000000000e+02 2.913572462643152991e-02
2.110000000000000000e+02 2.911818404482449663e-02
2.120000000000000000e+02 2.910725560886400984e-02
2.130000000000000000e+02 2.909893488400746783e-02
2.140000000000000000e+02 2.909461762915593191e-02
2.150000000000000000e+02 2.909049008622106511e-02
2.160000000000000000e+02 2.908876041284881586e-02
2.170000000000000000e+02 2.908647891609975750e-02
2.180000000000000000e+02 2.908314820660908018e-02
2.190000000000000000e+02 2.907785214954648062e-02
2.200000000000000000e+02 2.907371355477382513e-02
2.210000000000000000e+02 2.907098503820227178e-02
2.220000000000000000e+02 2.906934538658825090e-02
2.230000000000000000e+02 2.906785870233871347e-02
2.240000000000000000e+02 2.906524600833133160e-02
2.250000000000000000e+02 2.906141005173949049e-02
2.260000000000000000e+02 2.905761776926531897e-02
2.270000000000000000e+02 2.905305874920701900e-02
2.280000000000000000e+02 2.905001124080984834e-02
2.290000000000000000e+02 2.904748836856147626e-02
2.300000000000000000e+02 2.904506076165476458e-02
2.310000000000000000e+02 2.903898836604923081e-02
2.320000000000000000e+02 2.903775734420370458e-02
2.330000000000000000e+02 2.903284985470313065e-02
2.340000000000000000e+02 2.903128044929932303e-02
2.350000000000000000e+02 2.902951894579985578e-02
2.360000000000000000e+02 2.902722288873801557e-02
2.370000000000000000e+02 2.902476175223419816e-02
2.380000000000000000e+02 2.902292413187356271e-02
2.390000000000000000e+02 2.902167774794535415e-02
2.400000000000000000e+02 2.902095291244006364e-02
2.410000000000000000e+02 2.902017873677678605e-02
2.420000000000000000e+02 2.901912197498363391e-02
2.430000000000000000e+02 2.901855615804611876e-02
2.440000000000000000e+02 2.901733389790890280e-02
2.450000000000000000e+02 2.901665228408481859e-02
2.460000000000000000e+02 2.901584794276001675e-02
2.470000000000000000e+02 2.901457329438389757e-02
2.480000000000000000e+02 2.901365307781298558e-02
2.490000000000000000e+02 2.901254347809983578e-02
2.500000000000000000e+02 2.901174626782051721e-02
2.510000000000000000e+02 2.901089199520417300e-02
2.520000000000000000e+02 2.901027652111621072e-02
2.530000000000000000e+02 2.900894638379065624e-02
2.540000000000000000e+02 2.900826536388735610e-02
2.550000000000000000e+02 2.900741543030280201e-02
2.560000000000000000e+02 2.900674207631259369e-02
2.570000000000000000e+02 2.900606328394008185e-02
2.580000000000000000e+02 2.900574658830067099e-02
2.590000000000000000e+02 2.900550056728477474e-02
2.600000000000000000e+02 2.900514014218861375e-02
2.610000000000000000e+02 2.900452400534421493e-02
2.620000000000000000e+02 2.900423873427552396e-02
2.630000000000000000e+02 2.900390067056140067e-02
2.640000000000000000e+02 2.900363883563316855e-02
2.650000000000000000e+02 2.900335276264306289e-02
2.660000000000000000e+02 2.900310444456251011e-02
2.670000000000000000e+02 2.900291527599087316e-02
2.680000000000000000e+02 2.900282056249143744e-02
2.690000000000000000e+02 2.900273238791967884e-02
2.700000000000000000e+02 2.900264903262304156e-02
2.710000000000000000e+02 2.900258619565674809e-02
2.720000000000000000e+02 2.900250537936699749e-02
2.730000000000000000e+02 2.900238831528701225e-02
2.740000000000000000e+02 2.900227928135203082e-02
2.750000000000000000e+02 2.900213150744788276e-02
2.760000000000000000e+02 2.900200169255285829e-02
2.770000000000000000e+02 2.900194949441059489e-02
2.780000000000000000e+02 2.900192543433372655e-02
2.790000000000000000e+02 2.900190940089400829e-02
2.800000000000000000e+02 2.900188092798312162e-02
2.810000000000000000e+02 2.900186929848824757e-02
2.820000000000000000e+02 2.900183175571954125e-02
2.830000000000000000e+02 2.900182091151454547e-02
2.840000000000000000e+02 2.900180791214696310e-02
2.850000000000000000e+02 2.900179028862330533e-02
2.860000000000000000e+02 2.900176703904032080e-02
2.870000000000000000e+02 2.900174351016619745e-02
2.880000000000000000e+02 2.900171426112635106e-02
2.890000000000000000e+02 2.900168725090746316e-02
2.900000000000000000e+02 2.900165096983375532e-02
2.910000000000000000e+02 2.900162345716696122e-02
2.920000000000000000e+02 2.900158894810839563e-02
2.930000000000000000e+02 2.900155070651351183e-02
2.940000000000000000e+02 2.900151838546957683e-02
2.950000000000000000e+02 2.900148789804735464e-02
2.960000000000000000e+02 2.900146425858937671e-02
2.970000000000000000e+02 2.900144883499213358e-02
2.980000000000000000e+02 2.900143247397119275e-02
2.990000000000000000e+02 2.900142254733609898e-02
3.000000000000000000e+02 2.900141704069922333e-02
