4.493221841777221837e-01
7.836237817125538685e-01
8.554084722629546889e-01
2.018702881272858907e+00
2.869401462947760995e-01
5.767721317907411605e-01
1.616612542529703322e+00
3.445217628818689759e-01
9.239484624494510578e-01
-2.707350589039417610e+00
5.423284919179145458e-01
6.840018440808942612e-01
-1.647838508601562779e+00
8.271757770700670642e-01
9.913607173877703183e-01
-8.977466055976573989e-01
-9.896430211449783743e-01
9.845991790335987259e-01
-1.229809734192239157e+00
9.190997999363988147e-02
-9.359380388732836398e-01
1.940972667967272081e+00
4.773956803373773927e-01
-8.059671018368389506e-01
