1.000000000000000000e+00 3.899073965667018693e-01
2.000000000000000000e+00 3.813371722472323477e-01
3.000000000000000000e+00 3.647224050237243831e-01
4.000000000000000000e+00 3.326834217086866996e-01
5.000000000000000000e+00 3.094713873959813455e-01
6.000000000000000000e+00 2.506693269173715932e-01
7.000000000000000000e+00 2.352210522469030396e-01
8.000000000000000000e+00 2.144628159688642677e-01
9.000000000000000000e+00 1.942153660329630216e-01
1.000000000000000000e+01 1.745527086368668934e-01
1.100000000000000000e+01 1.640683712387193405e-01
1.200000000000000000e+01 1.610519455353600915e-01
1.300000000000000000e+01 1.605624790289419124e-01
1.400000000000000000e+01 1.600351028543094412e-01
1.500000000000000000e+01 1.591870835854577448e-01
1.600000000000000000e+01 1.589535962025184490e-01
1.700000000000000000e+01 1.588855715384639988e-01
1.800000000000000000e+01 1.588725511242137234e-01
1.900000000000000000e+01 1.588518628843264002e-01
2.000000000000000000e+01 1.537401434414065182e-01
2.100000000000000000e+01 1.537321702069258389e-01
2.200000000000000000e+01 1.373911300772364674e-01
2.300000000000000000e+01 1.172650216042657734e-01
2.400000000000000000e+01 1.071574930463984887e-01
2.500000000000000000e+01 9.719841592608333136e-02
2.600000000000000000e+01 9.224239793690720834e-02
2.700000000000000000e+01 8.978851120039083034e-02
2.800000000000000000e+01 8.922631048549828359e-02
2.900000000000000000e+01 8.878286683036007432e-02
3.000000000000000000e+01 8.851550786684853067e-02
3.100000000000000000e+01 8.848034652933028932e-02
3.200000000000000000e+01 8.846647439806337720e-02
3.300000000000000000e+01 8.846489114356324845e-02
3.400000000000000000e+01 8.846347725206259172e-02
3.500000000000000000e+01 8.846339212899805016e-02
3.600000000000000000e+01 8.846329176656549109e-02
3.700000000000000000e+01 8.846327565565925699e-02
