1.000000000000000000e+00 4.391252216092080829e-01
2.000000000000000000e+00 3.324296966995807234e-01
3.000000000000000000e+00 2.519934940631310960e-01
4.000000000000000000e+00 2.444487760909576646e-01
5.000000000000000000e+00 2.440645464114336027e-01
6.000000000000000000e+00 2.439291682713221887e-01
7.000000000000000000e+00 2.438315560889472988e-01
8.000000000000000000e+00 2.437698450283099227e-01
9.000000000000000000e+00 2.435933139407044923e-01
1.000000000000000000e+01 2.434383526998294689e-01
1.100000000000000000e+01 2.430213953792786929e-01
1.200000000000000000e+01 2.429731986524686638e-01
1.300000000000000000e+01 2.428511103591021458e-01
1.400000000000000000e+01 2.428258184436879463e-01
1.500000000000000000e+01 2.428198208227346777e-01
1.600000000000000000e+01 2.428157890008574293e-01
1.700000000000000000e+01 2.428155937747893123e-01
1.800000000000000000e+01 2.428155832517926160e-01
1.900000000000000000e+01 2.428155830741508536e-01
