1.000000000000000000e+00 -7.932161064175644594e-01
2.000000000000000000e+00 -8.173555207722457139e-01
3.000000000000000000e+00 -8.276482106976508213e-01
4.000000000000000000e+00 -8.302648920830029144e-01
5.000000000000000000e+00 -8.421473552546572261e-01
6.000000000000000000e+00 -8.455335530644021436e-01
7.000000000000000000e+00 -8.472797866877206374e-01
8.000000000000000000e+00 -8.480850757189685174e-01
9.000000000000000000e+00 -8.498864497942676399e-01
1.000000000000000000e+01 -8.517143332767250774e-01
1.100000000000000000e+01 -8.533058963633726179e-01
1.200000000000000000e+01 -8.539798547304948695e-01
1.300000000000000000e+01 -8.548581294108230644e-01
1.400000000000000000e+01 -8.551825221426682111e-01
1.500000000000000000e+01 -8.553712492089489139e-01
1.600000000000000000e+01 -8.558022802584092092e-01
1.700000000000000000e+01 -8.563344191814049600e-01
1.800000000000000000e+01 -8.565421495918839057e-01
1.900000000000000000e+01 -8.568007830007990933e-01
2.000000000000000000e+01 -8.569624189017998050e-01
2.100000000000000000e+01 -8.572472955156718033e-01
2.200000000000000000e+01 -8.580934405242637286e-01
2.300000000000000000e+01 -8.631007049443324419e-01
2.400000000000000000e+01 -8.687152843039883665e-01
2.500000000000000000e+01 -8.707646998807500038e-01
2.600000000000000000e+01 -8.739282208503670324e-01
2.700000000000000000e+01 -8.782851821210959642e-01
2.800000000000000000e+01 -8.815126942146601641e-01
2.900000000000000000e+01 -8.822146302316643540e-01
3.000000000000000000e+01 -8.828802094357797170e-01
3.100000000000000000e+01 -8.836039890274898223e-01
3.200000000000000000e+01 -8.847786351389046455e-01
3.300000000000000000e+01 -8.857779374188491373e-01
3.400000000000000000e+01 -8.860116784064718809e-01
3.500000000000000000e+01 -8.864693635472342681e-01
3.600000000000000000e+01 -8.870595373720631116e-01
3.700000000000000000e+01 -8.877580130622181320e-01
3.800000000000000000e+01 -8.881074191171157706e-01
3.900000000000000000e+01 -8.884940947532029565e-01
4.000000000000000000e+01 -8.887425348401388758e-01
4.100000000000000000e+01 -8.891681667384357945e-01
4.200000000000000000e+01 -8.901635644220301513e-01
4.300000000000000000e+01 -8.904439770624342776e-01
4.400000000000000000e+01 -8.906386493269607962e-01
4.500000000000000000e+01 -8.909397273568242515e-01
4.600000000000000000e+01 -8.911341030785036033e-01
4.700000000000000000e+01 -8.912649259283585979e-01
4.800000000000000000e+01 -8.914271400614740548e-01
4.900000000000000000e+01 -8.917742749537452829e-01
5.000000000000000000e+01 -8.920963419786565041e-01
5.100000000000000000e+01 -8.922327497832965859e-01
5.200000000000000000e+01 -8.923892898787574302e-01
5.300000000000000000e+01 -8.924425154870379018e-01
5.400000000000000000e+01 -8.924940884305386790e-01
5.500000000000000000e+01 -8.925933905742120533e-01
5.600000000000000000e+01 -8.926431906590706067e-01
5.700000000000000000e+01 -8.927526523090424382e-01
5.800000000000000000e+01 -8.929042917623916109e-01
5.900000000000000000e+01 -8.931107839784789837e-01
6.000000000000000000e+01 -8.935363489714935881e-01
6.100000000000000000e+01 -8.939165531358009842e-01
6.200000000000000000e+01 -8.941270356477882819e-01
6.300000000000000000e+01 -8.942871998115904386e-01
6.400000000000000000e+01 -8.943317985743730603e-01
6.500000000000000000e+01 -8.944356169772882392e-01
6.600000000000000000e+01 -8.944574775867774052e-01
6.700000000000000000e+01 -8.944674696679885129e-01
6.800000000000000000e+01 -8.944931750173245044e-01
6.900000000000000000e+01 -8.945436845060587006e-01
7.000000000000000000e+01 -8.946386964747096160e-01
7.100000000000000000e+01 -8.948259573728298832e-01
7.200000000000000000e+01 -8.950714601113586300e-01
7.300000000000000000e+01 -8.953962410763516289e-01
7.400000000000000000e+01 -8.956800135709274135e-01
7.500000000000000000e+01 -8.959038288249100423e-01
7.600000000000000000e+01 -8.960573303865315697e-01
7.700000000000000000e+01 -8.962360783247068641e-01
7.800000000000000000e+01 -8.963964473917469533e-01
7.900000000000000000e+01 -8.965016280068027754e-01
8.000000000000000000e+01 -8.966247272766149079e-01
8.100000000000000000e+01 -8.968956800030050136e-01
8.200000000000000000e+01 -8.972265940415831142e-01
8.300000000000000000e+01 -8.974705225699670663e-01
8.400000000000000000e+01 -8.976456098752935153e-01
8.500000000000000000e+01 -8.977458260410180468e-01
8.600000000000000000e+01 -8.978719636537962900e-01
8.700000000000000000e+01 -8.980003490981141034e-01
8.800000000000000000e+01 -8.980998325573682495e-01
8.900000000000000000e+01 -8.981973332608254035e-01
9.000000000000000000e+01 -8.982766397374042366e-01
9.100000000000000000e+01 -8.983243807368449518e-01
9.200000000000000000e+01 -8.984041921033539824e-01
9.300000000000000000e+01 -8.985306223025665284e-01
9.400000000000000000e+01 -8.985858400351596220e-01
9.500000000000000000e+01 -8.986121381903880989e-01
9.600000000000000000e+01 -8.986576424896619564e-01
9.700000000000000000e+01 -8.986838913433956577e-01
9.800000000000000000e+01 -8.987122436477515963e-01
9.900000000000000000e+01 -8.987518696904521764e-01
1.000000000000000000e+02 -8.988010551441694140e-01
1.010000000000000000e+02 -8.988292853201158561e-01
1.020000000000000000e+02 -8.988831132578940508e-01
1.030000000000000000e+02 -8.989308819511607762e-01
1.040000000000000000e+02 -8.989992266315919300e-01
1.050000000000000000e+02 -8.990784115614323113e-01
1.060000000000000000e+02 -8.991395366377946674e-01
1.070000000000000000e+02 -8.992595308393035447e-01
1.080000000000000000e+02 -8.994475420220944262e-01
1.090000000000000000e+02 -8.995916341750180845e-01
1.100000000000000000e+02 -8.997792081028055389e-01
1.110000000000000000e+02 -9.000987550685037863e-01
1.120000000000000000e+02 -9.003893818649699732e-01
1.130000000000000000e+02 -9.012369710319808602e-01
1.140000000000000000e+02 -9.024454567326164467e-01
1.150000000000000000e+02 -9.036783398767347375e-01
1.160000000000000000e+02 -9.059132214855017962e-01
1.170000000000000000e+02 -9.078331531450187786e-01
1.180000000000000000e+02 -9.102947018921727640e-01
1.190000000000000000e+02 -9.118782476005513615e-01
1.200000000000000000e+02 -9.126704189163384884e-01
1.210000000000000000e+02 -9.135249405274780132e-01
1.220000000000000000e+02 -9.138584604053453520e-01
1.230000000000000000e+02 -9.141923501861627388e-01
1.240000000000000000e+02 -9.144913079888925544e-01
1.250000000000000000e+02 -9.147435491100288640e-01
1.260000000000000000e+02 -9.149852727733924773e-01
1.270000000000000000e+02 -9.156664440777718683e-01
1.280000000000000000e+02 -9.161555045552300935e-01
1.290000000000000000e+02 -9.167653285606971458e-01
1.300000000000000000e+02 -9.170271609986671013e-01
1.310000000000000000e+02 -9.172058204260428171e-01
1.320000000000000000e+02 -9.174007154987474655e-01
1.330000000000000000e+02 -9.176397614839459926e-01
1.340000000000000000e+02 -9.179530804020725743e-01
1.350000000000000000e+02 -9.181738704532170781e-01
1.360000000000000000e+02 -9.183955441323284896e-01
1.370000000000000000e+02 -9.186401146743342627e-01
1.380000000000000000e+02 -9.187988831682198931e-01
1.390000000000000000e+02 -9.189493104118072742e-01
1.400000000000000000e+02 -9.190673106757020205e-01
1.410000000000000000e+02 -9.192363351484174050e-01
1.420000000000000000e+02 -9.195411623374036836e-01
1.430000000000000000e+02 -9.197166562666422296e-01
1.440000000000000000e+02 -9.199851113564078142e-01
1.450000000000000000e+02 -9.201392097556400085e-01
1.460000000000000000e+02 -9.202966449566311047e-01
1.470000000000000000e+02 -9.204166296618366827e-01
1.480000000000000000e+02 -9.205315571593817303e-01
1.490000000000000000e+02 -9.205614300258581073e-01
1.500000000000000000e+02 -9.205935176946445919e-01
1.510000000000000000e+02 -9.206120450037288405e-01
1.520000000000000000e+02 -9.206307925066525844e-01
1.530000000000000000e+02 -9.206737651279434109e-01
1.540000000000000000e+02 -9.207272533442808493e-01
1.550000000000000000e+02 -9.207948972791912823e-01
1.560000000000000000e+02 -9.208643190826903968e-01
1.570000000000000000e+02 -9.209898550627678704e-01
1.580000000000000000e+02 -9.211374521618647115e-01
1.590000000000000000e+02 -9.213087770432596413e-01
1.600000000000000000e+02 -9.215129255048138956e-01
1.610000000000000000e+02 -9.215591506426880075e-01
1.620000000000000000e+02 -9.216908750837120579e-01
1.630000000000000000e+02 -9.217349650463330102e-01
1.640000000000000000e+02 -9.217950144584637906e-01
1.650000000000000000e+02 -9.218620548556869521e-01
1.660000000000000000e+02 -9.218983625971263196e-01
1.670000000000000000e+02 -9.219446690070114414e-01
1.680000000000000000e+02 -9.220051444855411615e-01
1.690000000000000000e+02 -9.220403056000483488e-01
1.700000000000000000e+02 -9.221055378053775176e-01
1.710000000000000000e+02 -9.221431185358061056e-01
1.720000000000000000e+02 -9.221780906237794229e-01
1.730000000000000000e+02 -9.222384154717295779e-01
1.740000000000000000e+02 -9.222721926723648211e-01
1.750000000000000000e+02 -9.223280868171518376e-01
1.760000000000000000e+02 -9.223550646640981121e-01
1.770000000000000000e+02 -9.223860009948634531e-01
1.780000000000000000e+02 -9.224277242269188770e-01
1.790000000000000000e+02 -9.224534891200797393e-01
1.800000000000000000e+02 -9.224819211294930099e-01
1.810000000000000000e+02 -9.224970644046760482e-01
1.820000000000000000e+02 -9.225097314602339615e-01
1.830000000000000000e+02 -9.225356420732492291e-01
1.840000000000000000e+02 -9.225485064439467031e-01
1.850000000000000000e+02 -9.225706807575545509e-01
1.860000000000000000e+02 -9.225825343844142878e-01
1.870000000000000000e+02 -9.225971779554109631e-01
1.880000000000000000e+02 -9.226044546735880925e-01
1.890000000000000000e+02 -9.226140323758632578e-01
1.900000000000000000e+02 -9.226243513956936537e-01
1.910000000000000000e+02 -9.226399757973809956e-01
1.920000000000000000e+02 -9.226544799714432310e-01
1.930000000000000000e+02 -9.226718860652087795e-01
1.940000000000000000e+02 -9.226834716243960122e-01
1.950000000000000000e+02 -9.226975968027485431e-01
1.960000000000000000e+02 -9.227141325834368191e-01
1.970000000000000000e+02 -9.227393513208790310e-01
1.980000000000000000e+02 -9.227617568662388470e-01
1.990000000000000000e+02 -9.227770186594216328e-01
2.000000000000000000e+02 -9.227856434858555668e-01
2.010000000000000000e+02 -9.227985199471758770e-01
2.020000000000000000e+02 -9.228148191051422922e-01
2.030000000000000000e+02 -9.228375968801634244e-01
2.040000000000000000e+02 -9.228653722843002116e-01
2.050000000000000000e+02 -9.228802267006617210e-01
2.060000000000000000e+02 -9.228940324384253824e-01
2.070000000000000000e+02 -9.229065642907915423e-01
2.080000000000000000e+02 -9.229219258713655671e-01
2.090000000000000000e+02 -9.229509137307725375e-01
2.100000000000000000e+02 -9.229805412131071307e-01
2.110000000000000000e+02 -9.230052074590815447e-01
2.120000000000000000e+02 -9.230678276733543797e-01
2.130000000000000000e+02 -9.231191528998248241e-01
2.140000000000000000e+02 -9.232002503920688774e-01
2.150000000000000000e+02 -9.232834531021798519e-01
2.160000000000000000e+02 -9.233629586591353133e-01
2.170000000000000000e+02 -9.233855854204913172e-01
2.180000000000000000e+02 -9.234041146723196425e-01
2.190000000000000000e+02 -9.234293900956351830e-01
2.200000000000000000e+02 -9.234583492282950612e-01
2.210000000000000000e+02 -9.234897076933613613e-01
2.220000000000000000e+02 -9.235055236435861792e-01
2.230000000000000000e+02 -9.235318479595576724e-01
2.240000000000000000e+02 -9.235571005761998853e-01
2.250000000000000000e+02 -9.235664743960518841e-01
2.260000000000000000e+02 -9.235771159861198010e-01
2.270000000000000000e+02 -9.235815463323678864e-01
2.280000000000000000e+02 -9.235849547667593917e-01
2.290000000000000000e+02 -9.235885692245960898e-01
2.300000000000000000e+02 -9.235947048033285034e-01
2.310000000000000000e+02 -9.235982662773369878e-01
2.320000000000000000e+02 -9.236010004733634648e-01
2.330000000000000000e+02 -9.236022665935744724e-01
2.340000000000000000e+02 -9.236033346509883168e-01
2.350000000000000000e+02 -9.236051828583086154e-01
2.360000000000000000e+02 -9.236098339640703703e-01
2.370000000000000000e+02 -9.236128022518541592e-01
2.380000000000000000e+02 -9.236172897708705420e-01
2.390000000000000000e+02 -9.236196738850575016e-01
2.400000000000000000e+02 -9.236209906081249699e-01
2.410000000000000000e+02 -9.236233782664363678e-01
2.420000000000000000e+02 -9.236268071684352599e-01
2.430000000000000000e+02 -9.236328512161285920e-01
2.440000000000000000e+02 -9.236349992376241547e-01
2.450000000000000000e+02 -9.236370794773821613e-01
2.460000000000000000e+02 -9.236379229788795886e-01
2.470000000000000000e+02 -9.236386365727217163e-01
2.480000000000000000e+02 -9.236396152295704987e-01
2.490000000000000000e+02 -9.236400486746343397e-01
2.500000000000000000e+02 -9.236405680722087341e-01
2.510000000000000000e+02 -9.236412148321400117e-01
2.520000000000000000e+02 -9.236418867751797768e-01
2.530000000000000000e+02 -9.236425218200058351e-01
2.540000000000000000e+02 -9.236431277804481033e-01
2.550000000000000000e+02 -9.236438003705760291e-01
2.560000000000000000e+02 -9.236447006425539952e-01
2.570000000000000000e+02 -9.236459622270083436e-01
2.580000000000000000e+02 -9.236472176350574159e-01
2.590000000000000000e+02 -9.236487201489843590e-01
2.600000000000000000e+02 -9.236506716736480049e-01
2.610000000000000000e+02 -9.236537527123338531e-01
2.620000000000000000e+02 -9.236557678521912784e-01
2.630000000000000000e+02 -9.236590938680374618e-01
2.640000000000000000e+02 -9.236612381496905888e-01
2.650000000000000000e+02 -9.236642641491470407e-01
2.660000000000000000e+02 -9.236673084346278539e-01
2.670000000000000000e+02 -9.236706758897021974e-01
2.680000000000000000e+02 -9.236730618878418175e-01
2.690000000000000000e+02 -9.236754113923327791e-01
2.700000000000000000e+02 -9.236771017092209046e-01
2.710000000000000000e+02 -9.236779280695098793e-01
2.720000000000000000e+02 -9.236783259367484789e-01
2.730000000000000000e+02 -9.236787460493283142e-01
2.740000000000000000e+02 -9.236793257439818161e-01
2.750000000000000000e+02 -9.236799697867426051e-01
2.760000000000000000e+02 -9.236806528523093807e-01
2.770000000000000000e+02 -9.236813350557560032e-01
2.780000000000000000e+02 -9.236818876257809618e-01
2.790000000000000000e+02 -9.236824499937702493e-01
2.800000000000000000e+02 -9.236829275712694631e-01
2.810000000000000000e+02 -9.236841693327049185e-01
2.820000000000000000e+02 -9.236849918968015327e-01
2.830000000000000000e+02 -9.236862820327148560e-01
2.840000000000000000e+02 -9.236872788343991614e-01
2.850000000000000000e+02 -9.236876967999542165e-01
2.860000000000000000e+02 -9.236882213437377365e-01
2.870000000000000000e+02 -9.236887329734401186e-01
2.880000000000000000e+02 -9.236894467650162976e-01
2.890000000000000000e+02 -9.236904564300359999e-01
2.900000000000000000e+02 -9.236910764647496830e-01
2.910000000000000000e+02 -9.236918533097288053e-01
2.920000000000000000e+02 -9.236923898261517607e-01
2.930000000000000000e+02 -9.236927148877047689e-01
2.940000000000000000e+02 -9.236931106944105130e-01
2.950000000000000000e+02 -9.236935085750351826e-01
2.960000000000000000e+02 -9.236938619916237325e-01
2.970000000000000000e+02 -9.236944776471538443e-01
2.980000000000000000e+02 -9.236950538971037128e-01
2.990000000000000000e+02 -9.236955450570145665e-01
3.000000000000000000e+02 -9.236957680818947969e-01
3.010000000000000000e+02 -9.236960158002799348e-01
3.020000000000000000e+02 -9.236963194676585109e-01
3.030000000000000000e+02 -9.236967407653373652e-01
3.040000000000000000e+02 -9.236971074970173889e-01
3.050000000000000000e+02 -9.236976055460148771e-01
3.060000000000000000e+02 -9.236984119382239955e-01
3.070000000000000000e+02 -9.236989812494695862e-01
3.080000000000000000e+02 -9.236997662689075961e-01
3.090000000000000000e+02 -9.237008125525165703e-01
3.100000000000000000e+02 -9.237021872982715820e-01
3.110000000000000000e+02 -9.237031494688535682e-01
3.120000000000000000e+02 -9.237052742457885213e-01
3.130000000000000000e+02 -9.237065973422802223e-01
3.140000000000000000e+02 -9.237094855381015046e-01
3.150000000000000000e+02 -9.237135337074339203e-01
3.160000000000000000e+02 -9.237173695206117863e-01
3.170000000000000000e+02 -9.237219144267606596e-01
3.180000000000000000e+02 -9.237236290866641664e-01
3.190000000000000000e+02 -9.237304187301902392e-01
3.200000000000000000e+02 -9.237373807140280002e-01
3.210000000000000000e+02 -9.237455518297575940e-01
3.220000000000000000e+02 -9.237523999303011157e-01
3.230000000000000000e+02 -9.237580749969529492e-01
3.240000000000000000e+02 -9.237667764095823797e-01
3.250000000000000000e+02 -9.237798607323298716e-01
3.260000000000000000e+02 -9.237930266335119267e-01
3.270000000000000000e+02 -9.238076397729332312e-01
3.280000000000000000e+02 -9.238194176146444780e-01
3.290000000000000000e+02 -9.238364310416163905e-01
3.300000000000000000e+02 -9.238547719005235637e-01
3.310000000000000000e+02 -9.238782573431391087e-01
3.320000000000000000e+02 -9.238985279856679611e-01
3.330000000000000000e+02 -9.239332073820520908e-01
