2.492014365400816889e+00
1.368548995498401477e-01
8.553339294645670998e-01
-1.154371058050128962e+00
-2.736258342401455268e-01
-6.997007351761454219e-02
3.325894449311829204e-01
1.362803265200951408e+00
3.633082608317130258e-01
5.337047169369925348e-03
-1.128786043960835705e+00
1.702267362069166179e+00
2.898195116652581005e-01
1.390106695861772768e-01
-6.797020986335612358e-01
-2.723654060132165156e-01
1.207080203396374785e+00
2.966655073541704657e-01
-8.588760024064331922e-02
1.436815640842230346e+00
1.260812967903333748e+00
1.493373069558015187e+00
4.773957921597229981e-01
5.387047665068149804e-01
