1.000000000000000000e+00 2.517599189583944463e-01
2.000000000000000000e+00 1.993862371105958042e-01
3.000000000000000000e+00 1.681505425578915247e-01
4.000000000000000000e+00 1.637578722090027861e-01
5.000000000000000000e+00 1.608614097215276539e-01
6.000000000000000000e+00 1.575673840048507635e-01
7.000000000000000000e+00 1.553723174241465055e-01
8.000000000000000000e+00 1.480286166415930582e-01
9.000000000000000000e+00 1.460466986911214959e-01
1.000000000000000000e+01 1.365629581577516849e-01
1.100000000000000000e+01 1.237476703988104332e-01
1.200000000000000000e+01 1.137441880205476430e-01
1.300000000000000000e+01 1.089426928011512641e-01
1.400000000000000000e+01 1.057350834778551657e-01
1.500000000000000000e+01 1.015271539263690737e-01
1.600000000000000000e+01 9.316247151508712243e-02
1.700000000000000000e+01 9.159225105907516096e-02
1.800000000000000000e+01 8.907507103868343712e-02
1.900000000000000000e+01 8.814734961917414235e-02
2.000000000000000000e+01 8.789754488055637194e-02
2.100000000000000000e+01 8.748649881327759392e-02
2.200000000000000000e+01 8.698691903177901974e-02
2.300000000000000000e+01 8.690278791272262882e-02
2.400000000000000000e+01 8.680607717658009315e-02
2.500000000000000000e+01 8.671411012703876542e-02
2.600000000000000000e+01 8.658101923910392628e-02
2.700000000000000000e+01 8.643235899382015197e-02
2.800000000000000000e+01 8.629899225039602828e-02
2.900000000000000000e+01 8.618012211783168675e-02
3.000000000000000000e+01 8.609755417509931674e-02
3.100000000000000000e+01 8.603330113023537062e-02
3.200000000000000000e+01 8.596441639622369457e-02
3.300000000000000000e+01 8.588264589660959958e-02
3.400000000000000000e+01 8.582528179768596222e-02
3.500000000000000000e+01 8.575613544257917886e-02
3.600000000000000000e+01 8.566284984856950557e-02
3.700000000000000000e+01 8.553720996012190159e-02
3.800000000000000000e+01 8.541161762875423835e-02
3.900000000000000000e+01 8.523788792132488967e-02
4.000000000000000000e+01 8.506220846882714404e-02
4.100000000000000000e+01 8.495947292565476927e-02
4.200000000000000000e+01 8.491529122253391182e-02
4.300000000000000000e+01 8.487818956714071605e-02
4.400000000000000000e+01 8.486544841717962029e-02
4.500000000000000000e+01 8.485655037013301039e-02
4.600000000000000000e+01 8.482393400013844842e-02
4.700000000000000000e+01 8.476446507709209377e-02
4.800000000000000000e+01 8.469332558872004479e-02
4.900000000000000000e+01 8.465523367831179202e-02
5.000000000000000000e+01 8.465415626375799585e-02
5.100000000000000000e+01 8.457916787956767934e-02
5.200000000000000000e+01 8.454439382109024681e-02
5.300000000000000000e+01 8.452207360045510542e-02
5.400000000000000000e+01 8.450157883774514489e-02
5.500000000000000000e+01 8.448569853823509335e-02
5.600000000000000000e+01 8.448233276268111991e-02
5.700000000000000000e+01 8.447908687692511076e-02
5.800000000000000000e+01 8.447187401272339413e-02
5.900000000000000000e+01 8.446943422363271947e-02
6.000000000000000000e+01 8.446755148832721383e-02
6.100000000000000000e+01 8.446573831222455031e-02
6.200000000000000000e+01 8.446315320729386178e-02
6.300000000000000000e+01 8.446125627675256375e-02
6.400000000000000000e+01 8.445811071256968672e-02
6.500000000000000000e+01 8.445598797908247801e-02
6.600000000000000000e+01 8.445442996561032534e-02
6.700000000000000000e+01 8.445135125413591459e-02
6.800000000000000000e+01 8.444821199543575685e-02
6.900000000000000000e+01 8.444479922780409598e-02
7.000000000000000000e+01 8.444361713707454475e-02
7.100000000000000000e+01 8.444011088896616335e-02
7.200000000000000000e+01 8.443799635725980635e-02
7.300000000000000000e+01 8.443565185659646088e-02
7.400000000000000000e+01 8.443302085561489589e-02
7.500000000000000000e+01 8.443131810622014899e-02
7.600000000000000000e+01 8.442880163225781331e-02
7.700000000000000000e+01 8.442609088649159765e-02
7.800000000000000000e+01 8.442454461659590348e-02
7.900000000000000000e+01 8.442366113784208204e-02
8.000000000000000000e+01 8.442251318382087977e-02
8.100000000000000000e+01 8.442107947595685336e-02
8.200000000000000000e+01 8.441839926435296126e-02
8.300000000000000000e+01 8.441713662427124953e-02
8.400000000000000000e+01 8.441532981045787865e-02
8.500000000000000000e+01 8.441304791127740570e-02
8.600000000000000000e+01 8.441064122568693595e-02
8.700000000000000000e+01 8.440834244725048396e-02
8.800000000000000000e+01 8.440568823090031925e-02
8.900000000000000000e+01 8.440300841792122699e-02
9.000000000000000000e+01 8.440219816947124032e-02
9.100000000000000000e+01 8.439993190188671557e-02
9.200000000000000000e+01 8.439937478907247326e-02
9.300000000000000000e+01 8.439869731439170186e-02
9.400000000000000000e+01 8.439761417812902122e-02
9.500000000000000000e+01 8.439592699012718469e-02
9.600000000000000000e+01 8.439250063800793344e-02
9.700000000000000000e+01 8.439097127961177336e-02
9.800000000000000000e+01 8.438898342910616801e-02
9.900000000000000000e+01 8.438833348407792645e-02
1.000000000000000000e+02 8.438782934861537022e-02
1.010000000000000000e+02 8.438677336606420498e-02
1.020000000000000000e+02 8.438569992051581092e-02
1.030000000000000000e+02 8.438506524617270244e-02
1.040000000000000000e+02 8.438441635967304510e-02
1.050000000000000000e+02 8.438289559482495261e-02
1.060000000000000000e+02 8.438223083174896388e-02
1.070000000000000000e+02 8.437989031769926873e-02
1.080000000000000000e+02 8.437292267187659900e-02
1.090000000000000000e+02 8.436108696659891382e-02
1.100000000000000000e+02 8.434656798609863060e-02
1.110000000000000000e+02 8.434160230667066271e-02
1.120000000000000000e+02 8.429646102820206877e-02
1.130000000000000000e+02 8.424463689111039155e-02
1.140000000000000000e+02 8.422777674285217286e-02
1.150000000000000000e+02 8.418674320320893023e-02
1.160000000000000000e+02 8.406665611883347433e-02
1.170000000000000000e+02 8.382795123595374043e-02
1.180000000000000000e+02 8.366906676681601374e-02
1.190000000000000000e+02 8.029248473321896895e-02
1.200000000000000000e+02 8.012955847003513932e-02
1.210000000000000000e+02 7.960454997610746930e-02
1.220000000000000000e+02 7.772169753980820439e-02
1.230000000000000000e+02 7.517818430998002288e-02
1.240000000000000000e+02 7.374066613329072206e-02
1.250000000000000000e+02 7.300282451302819720e-02
1.260000000000000000e+02 7.245391929385351648e-02
1.270000000000000000e+02 7.207125295047206448e-02
1.280000000000000000e+02 7.174491081269998571e-02
1.290000000000000000e+02 7.109690758704545477e-02
1.300000000000000000e+02 7.089948318155343820e-02
1.310000000000000000e+02 7.067506453919623899e-02
1.320000000000000000e+02 7.023179199143322893e-02
1.330000000000000000e+02 6.983115471466580515e-02
1.340000000000000000e+02 6.977163431613439548e-02
1.350000000000000000e+02 6.972082193614531631e-02
1.360000000000000000e+02 6.963767080978643109e-02
1.370000000000000000e+02 6.957089730987132958e-02
1.380000000000000000e+02 6.955874313807820786e-02
1.390000000000000000e+02 6.952038741510950526e-02
1.400000000000000000e+02 6.947184177590093324e-02
1.410000000000000000e+02 6.927852028963416009e-02
1.420000000000000000e+02 6.902423544830289803e-02
1.430000000000000000e+02 6.885919944059581965e-02
1.440000000000000000e+02 6.860362070899883591e-02
1.450000000000000000e+02 6.835474216626079291e-02
1.460000000000000000e+02 6.823470801472451830e-02
1.470000000000000000e+02 6.805535118774586056e-02
1.480000000000000000e+02 6.780481923704440028e-02
1.490000000000000000e+02 6.771079815032134130e-02
1.500000000000000000e+02 6.760358224340688726e-02
1.510000000000000000e+02 6.758505975017416179e-02
1.520000000000000000e+02 6.756824258871053923e-02
1.530000000000000000e+02 6.755348419277322491e-02
1.540000000000000000e+02 6.753470042466924728e-02
1.550000000000000000e+02 6.750989538479333640e-02
1.560000000000000000e+02 6.749914525072003846e-02
1.570000000000000000e+02 6.748715755367035163e-02
1.580000000000000000e+02 6.748167518080898375e-02
1.590000000000000000e+02 6.747700957214253226e-02
1.600000000000000000e+02 6.747206123705916381e-02
1.610000000000000000e+02 6.746643958631159954e-02
1.620000000000000000e+02 6.745351555042433667e-02
1.630000000000000000e+02 6.744315155415710195e-02
1.640000000000000000e+02 6.742531214775394910e-02
1.650000000000000000e+02 6.741467062830364121e-02
1.660000000000000000e+02 6.740774451418472812e-02
1.670000000000000000e+02 6.740544963563242786e-02
1.680000000000000000e+02 6.740386306628577684e-02
1.690000000000000000e+02 6.740081795303534684e-02
1.700000000000000000e+02 6.739757778874769234e-02
1.710000000000000000e+02 6.739576682078220193e-02
1.720000000000000000e+02 6.739338645575837505e-02
1.730000000000000000e+02 6.739217133834289608e-02
1.740000000000000000e+02 6.739103826835136923e-02
1.750000000000000000e+02 6.739066031043887406e-02
1.760000000000000000e+02 6.739025653673444416e-02
1.770000000000000000e+02 6.738995232377344158e-02
1.780000000000000000e+02 6.738973875785073120e-02
1.790000000000000000e+02 6.738937539215325567e-02
1.800000000000000000e+02 6.738908371649003637e-02
1.810000000000000000e+02 6.738893122277737902e-02
1.820000000000000000e+02 6.738879708442312155e-02
1.830000000000000000e+02 6.738869477221039184e-02
1.840000000000000000e+02 6.738862239845390401e-02
1.850000000000000000e+02 6.738853850035718407e-02
1.860000000000000000e+02 6.738847879952784836e-02
1.870000000000000000e+02 6.738839888767086950e-02
1.880000000000000000e+02 6.738825521456590084e-02
1.890000000000000000e+02 6.738811032533073564e-02
1.900000000000000000e+02 6.738801768207480780e-02
1.910000000000000000e+02 6.738798103318804911e-02
1.920000000000000000e+02 6.738796971757071708e-02
1.930000000000000000e+02 6.738795515916599921e-02
1.940000000000000000e+02 6.738795184748300193e-02
1.950000000000000000e+02 6.738795073934905622e-02
