1.000000000000000000e+00 2.447936925042838996e-01
2.000000000000000000e+00 1.664428457547610929e-01
3.000000000000000000e+00 1.405461826226134525e-01
4.000000000000000000e+00 1.236071301117795118e-01
5.000000000000000000e+00 1.092065167751347793e-01
6.000000000000000000e+00 9.340206498919272071e-02
7.000000000000000000e+00 9.065410769357383491e-02
8.000000000000000000e+00 8.448600977267015089e-02
9.000000000000000000e+00 8.400038101402565460e-02
1.000000000000000000e+01 8.369210323240144911e-02
1.100000000000000000e+01 8.343362180929472793e-02
1.200000000000000000e+01 8.308371747503125182e-02
1.300000000000000000e+01 8.291691980762447289e-02
1.400000000000000000e+01 8.287260911485291870e-02
1.500000000000000000e+01 8.286160620945558219e-02
1.600000000000000000e+01 8.285164497540950523e-02
1.700000000000000000e+01 8.282924386274101436e-02
1.800000000000000000e+01 8.280661466720809494e-02
1.900000000000000000e+01 8.277912313581045622e-02
2.000000000000000000e+01 8.276479797083875767e-02
2.100000000000000000e+01 8.275290418019812244e-02
2.200000000000000000e+01 8.275125070880744171e-02
2.300000000000000000e+01 8.274758020443322148e-02
2.400000000000000000e+01 8.274207348699898212e-02
2.500000000000000000e+01 8.273435534589426710e-02
2.600000000000000000e+01 8.272730889321351644e-02
2.700000000000000000e+01 8.272348134478908765e-02
2.800000000000000000e+01 8.271969237737639147e-02
2.900000000000000000e+01 8.271813677247351337e-02
3.000000000000000000e+01 8.271525219385079952e-02
3.100000000000000000e+01 8.270533884463537877e-02
3.200000000000000000e+01 8.268921408528376316e-02
3.300000000000000000e+01 8.267187008209157806e-02
3.400000000000000000e+01 8.263077044676984950e-02
3.500000000000000000e+01 8.249011556668384149e-02
3.600000000000000000e+01 8.225977477987306274e-02
3.700000000000000000e+01 8.158471987593396424e-02
3.800000000000000000e+01 8.079636148825816711e-02
3.900000000000000000e+01 8.013336410345781036e-02
4.000000000000000000e+01 7.990923792787441027e-02
4.100000000000000000e+01 7.865020449651791146e-02
4.200000000000000000e+01 7.719323309597911353e-02
4.300000000000000000e+01 7.666887516972119287e-02
4.400000000000000000e+01 7.561402233356354086e-02
4.500000000000000000e+01 7.540391814491842482e-02
4.600000000000000000e+01 7.485006997023266329e-02
4.700000000000000000e+01 7.458765732996358588e-02
4.800000000000000000e+01 7.434047650681381569e-02
4.900000000000000000e+01 7.426017540680690532e-02
5.000000000000000000e+01 7.421207192005577213e-02
5.100000000000000000e+01 7.417623433282413692e-02
5.200000000000000000e+01 7.406412290734802617e-02
5.300000000000000000e+01 7.401605781477262058e-02
5.400000000000000000e+01 7.398681225903122605e-02
5.500000000000000000e+01 7.398136450897294103e-02
5.600000000000000000e+01 7.397972732564035703e-02
5.700000000000000000e+01 7.397852424440250207e-02
5.800000000000000000e+01 7.397851609395901529e-02
5.900000000000000000e+01 7.397851124242736665e-02
