3.808555568521806212e+00
2.280192442277898746e+00
5.833116078414698480e-01
1.367545941153152755e+00
2.652841925811400436e+00
1.557949784693410722e+00
1.911565085323436497e+00
-1.214823179736828074e+00
2.708100412938522439e+00
1.500538679782172258e+00
3.958938422509197252e-01
-4.756966621453770916e-01
-7.983585355343535417e-01
5.760845040035621478e-01
8.093573818266985853e-02
2.629235981056927685e+00
8.978395593542772835e-01
6.946215631525087808e-01
-1.969393988011340912e+00
2.610294856445313783e-01
6.942279970409309664e-01
1.207616953263390691e+00
2.280690116550204705e-01
1.227062392295095034e-01
