1.000000000000000000e+00 -7.153901800699418168e-01
2.000000000000000000e+00 -7.226661228973493278e-01
3.000000000000000000e+00 -7.279917567794049749e-01
4.000000000000000000e+00 -7.336137565538137784e-01
5.000000000000000000e+00 -7.393496548233653431e-01
6.000000000000000000e+00 -7.462676005313397809e-01
7.000000000000000000e+00 -7.546071996860412856e-01
8.000000000000000000e+00 -7.578289212256957841e-01
9.000000000000000000e+00 -7.618797126048942880e-01
1.000000000000000000e+01 -7.625910379282256901e-01
1.100000000000000000e+01 -7.631542366716789205e-01
1.200000000000000000e+01 -7.634175944542802572e-01
1.300000000000000000e+01 -7.635730621240959248e-01
1.400000000000000000e+01 -7.639647863499152702e-01
1.500000000000000000e+01 -7.642666115951596284e-01
1.600000000000000000e+01 -7.645880921876809788e-01
1.700000000000000000e+01 -7.648994576544200230e-01
1.800000000000000000e+01 -7.650719416810083384e-01
1.900000000000000000e+01 -7.654933333278726160e-01
2.000000000000000000e+01 -7.657667917341761665e-01
2.100000000000000000e+01 -7.661537357608200205e-01
2.200000000000000000e+01 -7.662918895087623694e-01
2.300000000000000000e+01 -7.665991260348101743e-01
2.400000000000000000e+01 -7.666911831975826708e-01
2.500000000000000000e+01 -7.667722658104386690e-01
2.600000000000000000e+01 -7.670117674800526197e-01
2.700000000000000000e+01 -7.672927969490411781e-01
2.800000000000000000e+01 -7.677352942467965402e-01
2.900000000000000000e+01 -7.682013779421988930e-01
3.000000000000000000e+01 -7.692195336642646541e-01
3.100000000000000000e+01 -7.702727475964245007e-01
3.200000000000000000e+01 -7.707549851271946473e-01
3.300000000000000000e+01 -7.710649021540586512e-01
3.400000000000000000e+01 -7.712210527511959013e-01
3.500000000000000000e+01 -7.713113495430065081e-01
3.600000000000000000e+01 -7.713796057028374786e-01
3.700000000000000000e+01 -7.715429565987481642e-01
3.800000000000000000e+01 -7.717509968884894711e-01
3.900000000000000000e+01 -7.721126382433104451e-01
4.000000000000000000e+01 -7.727100564886660861e-01
4.100000000000000000e+01 -7.731247459617158757e-01
4.200000000000000000e+01 -7.733712649978601306e-01
4.300000000000000000e+01 -7.734880614699348733e-01
4.400000000000000000e+01 -7.735680827225432932e-01
4.500000000000000000e+01 -7.736295044873695570e-01
4.600000000000000000e+01 -7.737504051381621784e-01
4.700000000000000000e+01 -7.738158073227999756e-01
4.800000000000000000e+01 -7.738674941490935044e-01
4.900000000000000000e+01 -7.739117989000058317e-01
5.000000000000000000e+01 -7.739493759740789791e-01
5.100000000000000000e+01 -7.740195156515683461e-01
5.200000000000000000e+01 -7.740851966057276101e-01
5.300000000000000000e+01 -7.743028385273585945e-01
5.400000000000000000e+01 -7.746343870468380688e-01
5.500000000000000000e+01 -7.752432561275148792e-01
5.600000000000000000e+01 -7.755085273694025672e-01
5.700000000000000000e+01 -7.759130227027065674e-01
5.800000000000000000e+01 -7.761189580123467602e-01
5.900000000000000000e+01 -7.763697428834751557e-01
6.000000000000000000e+01 -7.767801395094113825e-01
6.100000000000000000e+01 -7.771085235844604755e-01
6.200000000000000000e+01 -7.778172128075356850e-01
6.300000000000000000e+01 -7.782187014616762655e-01
6.400000000000000000e+01 -7.786804044566555394e-01
6.500000000000000000e+01 -7.792003447624646917e-01
6.600000000000000000e+01 -7.802713725244713183e-01
6.700000000000000000e+01 -7.809157111880528079e-01
6.800000000000000000e+01 -7.816848383203275352e-01
6.900000000000000000e+01 -7.828905392838164667e-01
7.000000000000000000e+01 -7.841171290148986062e-01
7.100000000000000000e+01 -7.859973643491602324e-01
7.200000000000000000e+01 -7.873355107401006636e-01
7.300000000000000000e+01 -7.884531207374962936e-01
7.400000000000000000e+01 -7.907678170754054436e-01
7.500000000000000000e+01 -7.917767283308988491e-01
7.600000000000000000e+01 -7.934685342727892943e-01
7.700000000000000000e+01 -7.947660103984681701e-01
7.800000000000000000e+01 -7.957941892802815609e-01
7.900000000000000000e+01 -7.969609502401964196e-01
8.000000000000000000e+01 -7.976776400341359929e-01
8.100000000000000000e+01 -7.986905049878946228e-01
8.200000000000000000e+01 -7.999844964543351145e-01
8.300000000000000000e+01 -8.007939143867619514e-01
8.400000000000000000e+01 -8.017449535619070033e-01
8.500000000000000000e+01 -8.027978477090249587e-01
8.600000000000000000e+01 -8.043211120120824509e-01
8.700000000000000000e+01 -8.049877474895166252e-01
8.800000000000000000e+01 -8.059025269353193854e-01
8.900000000000000000e+01 -8.063591516889333510e-01
9.000000000000000000e+01 -8.072120477040498621e-01
9.100000000000000000e+01 -8.082132931335889170e-01
9.200000000000000000e+01 -8.089705621040313988e-01
9.300000000000000000e+01 -8.095459969497358355e-01
9.400000000000000000e+01 -8.100835731776083737e-01
9.500000000000000000e+01 -8.104149209729197834e-01
9.600000000000000000e+01 -8.107958598073130574e-01
9.700000000000000000e+01 -8.110441555946725778e-01
9.800000000000000000e+01 -8.113652911393066658e-01
9.900000000000000000e+01 -8.120888331322301257e-01
1.000000000000000000e+02 -8.128725486333198136e-01
1.010000000000000000e+02 -8.137638599549421592e-01
1.020000000000000000e+02 -8.145166587953385218e-01
1.030000000000000000e+02 -8.149449017418460839e-01
1.040000000000000000e+02 -8.154043108587668565e-01
1.050000000000000000e+02 -8.159424669355311854e-01
1.060000000000000000e+02 -8.165301758531861021e-01
1.070000000000000000e+02 -8.168503829649220727e-01
1.080000000000000000e+02 -8.170009964297336724e-01
1.090000000000000000e+02 -8.172453564905888257e-01
1.100000000000000000e+02 -8.173632113691536860e-01
1.110000000000000000e+02 -8.176861225115551468e-01
1.120000000000000000e+02 -8.179995675986573289e-01
1.130000000000000000e+02 -8.181882329951579713e-01
1.140000000000000000e+02 -8.184107399659616977e-01
1.150000000000000000e+02 -8.185875843591375878e-01
1.160000000000000000e+02 -8.187536543800533195e-01
1.170000000000000000e+02 -8.189240404929515327e-01
1.180000000000000000e+02 -8.190506507843933193e-01
1.190000000000000000e+02 -8.191417711492086084e-01
1.200000000000000000e+02 -8.191869363339566723e-01
1.210000000000000000e+02 -8.193020681542309003e-01
1.220000000000000000e+02 -8.193526353368717485e-01
1.230000000000000000e+02 -8.194752813722139262e-01
1.240000000000000000e+02 -8.195972632861432405e-01
1.250000000000000000e+02 -8.196306461368938479e-01
1.260000000000000000e+02 -8.197405049404615784e-01
1.270000000000000000e+02 -8.197760839180742165e-01
1.280000000000000000e+02 -8.198351069030800353e-01
1.290000000000000000e+02 -8.198859147260151303e-01
1.300000000000000000e+02 -8.199647379991212848e-01
1.310000000000000000e+02 -8.200429247729544846e-01
1.320000000000000000e+02 -8.201073450084145344e-01
1.330000000000000000e+02 -8.201522754215387900e-01
1.340000000000000000e+02 -8.202097997820545494e-01
1.350000000000000000e+02 -8.202690494661194487e-01
1.360000000000000000e+02 -8.203829991818085698e-01
1.370000000000000000e+02 -8.204873338727000087e-01
1.380000000000000000e+02 -8.205680487270418100e-01
1.390000000000000000e+02 -8.206623299575442898e-01
1.400000000000000000e+02 -8.207428071467772757e-01
1.410000000000000000e+02 -8.208511342033441016e-01
1.420000000000000000e+02 -8.209122894596073694e-01
1.430000000000000000e+02 -8.209756403342248765e-01
1.440000000000000000e+02 -8.210171487943395130e-01
1.450000000000000000e+02 -8.210396043089686069e-01
1.460000000000000000e+02 -8.210593698838632992e-01
1.470000000000000000e+02 -8.211318519311927577e-01
1.480000000000000000e+02 -8.211836598238443363e-01
1.490000000000000000e+02 -8.212882991625909401e-01
1.500000000000000000e+02 -8.214715939060766026e-01
1.510000000000000000e+02 -8.216853016010391419e-01
1.520000000000000000e+02 -8.220716893480505272e-01
1.530000000000000000e+02 -8.225082485776131769e-01
1.540000000000000000e+02 -8.228993256553819302e-01
1.550000000000000000e+02 -8.231656508246871784e-01
1.560000000000000000e+02 -8.233317418818768552e-01
1.570000000000000000e+02 -8.235521479502330155e-01
1.580000000000000000e+02 -8.236195236467952485e-01
1.590000000000000000e+02 -8.237519357974689704e-01
1.600000000000000000e+02 -8.239431687673870464e-01
1.610000000000000000e+02 -8.241624840218314541e-01
1.620000000000000000e+02 -8.242975835836446885e-01
1.630000000000000000e+02 -8.246982190701664939e-01
1.640000000000000000e+02 -8.249613058058683501e-01
1.650000000000000000e+02 -8.253095836996783285e-01
1.660000000000000000e+02 -8.255482809624095086e-01
1.670000000000000000e+02 -8.257410834889030715e-01
1.680000000000000000e+02 -8.261213465386285648e-01
1.690000000000000000e+02 -8.263910009066056661e-01
1.700000000000000000e+02 -8.266516764556812724e-01
1.710000000000000000e+02 -8.270271621769453851e-01
1.720000000000000000e+02 -8.272429837844466061e-01
1.730000000000000000e+02 -8.274037770615351173e-01
1.740000000000000000e+02 -8.276801579144177357e-01
1.750000000000000000e+02 -8.280160789488654194e-01
1.760000000000000000e+02 -8.282181819298476411e-01
1.770000000000000000e+02 -8.283337173056728453e-01
1.780000000000000000e+02 -8.283935761690008892e-01
1.790000000000000000e+02 -8.284971307476867164e-01
1.800000000000000000e+02 -8.286630109077360862e-01
1.810000000000000000e+02 -8.288762196858833198e-01
1.820000000000000000e+02 -8.289778305976969186e-01
1.830000000000000000e+02 -8.290369656118216080e-01
1.840000000000000000e+02 -8.290949293883916882e-01
1.850000000000000000e+02 -8.291332885414445242e-01
1.860000000000000000e+02 -8.291717598218181218e-01
1.870000000000000000e+02 -8.291839874702795488e-01
1.880000000000000000e+02 -8.292007528176429387e-01
1.890000000000000000e+02 -8.292222033662314251e-01
1.900000000000000000e+02 -8.292447070101551798e-01
1.910000000000000000e+02 -8.292534858625901784e-01
1.920000000000000000e+02 -8.292585639443147416e-01
1.930000000000000000e+02 -8.292621854446899921e-01
1.940000000000000000e+02 -8.292655547733666088e-01
1.950000000000000000e+02 -8.292699268829379911e-01
1.960000000000000000e+02 -8.292722578978626302e-01
1.970000000000000000e+02 -8.292756350334973270e-01
1.980000000000000000e+02 -8.292800495648104953e-01
1.990000000000000000e+02 -8.292833416867566587e-01
2.000000000000000000e+02 -8.292861526902456371e-01
2.010000000000000000e+02 -8.292903882391534642e-01
2.020000000000000000e+02 -8.292940400755746122e-01
2.030000000000000000e+02 -8.292960954351094038e-01
2.040000000000000000e+02 -8.292989467450821994e-01
2.050000000000000000e+02 -8.293003591541320274e-01
2.060000000000000000e+02 -8.293019122891039929e-01
2.070000000000000000e+02 -8.293053922005211298e-01
2.080000000000000000e+02 -8.293063720063131861e-01
2.090000000000000000e+02 -8.293106071255123002e-01
2.100000000000000000e+02 -8.293115081589934601e-01
2.110000000000000000e+02 -8.293123222027570796e-01
2.120000000000000000e+02 -8.293131858436288972e-01
2.130000000000000000e+02 -8.293145396656536050e-01
2.140000000000000000e+02 -8.293169427476779765e-01
2.150000000000000000e+02 -8.293174926818003279e-01
2.160000000000000000e+02 -8.293188344180978389e-01
2.170000000000000000e+02 -8.293189987978070166e-01
2.180000000000000000e+02 -8.293192300824201446e-01
2.190000000000000000e+02 -8.293196364278904165e-01
2.200000000000000000e+02 -8.293199560478100585e-01
2.210000000000000000e+02 -8.293201405057167852e-01
2.220000000000000000e+02 -8.293202752016012314e-01
2.230000000000000000e+02 -8.293204375488473223e-01
2.240000000000000000e+02 -8.293205595949639797e-01
2.250000000000000000e+02 -8.293206468587506208e-01
2.260000000000000000e+02 -8.293207292486024507e-01
2.270000000000000000e+02 -8.293208310198422195e-01
2.280000000000000000e+02 -8.293208815828896352e-01
2.290000000000000000e+02 -8.293209754215519203e-01
2.300000000000000000e+02 -8.293209947425903561e-01
2.310000000000000000e+02 -8.293210395537381485e-01
2.320000000000000000e+02 -8.293210794553281806e-01
2.330000000000000000e+02 -8.293211203703808598e-01
2.340000000000000000e+02 -8.293211447615184140e-01
2.350000000000000000e+02 -8.293211700256635233e-01
2.360000000000000000e+02 -8.293211853253944499e-01
2.370000000000000000e+02 -8.293212058189868285e-01
2.380000000000000000e+02 -8.293212168818455687e-01
2.390000000000000000e+02 -8.293212287704473384e-01
2.400000000000000000e+02 -8.293212405553609390e-01
2.410000000000000000e+02 -8.293212514319336925e-01
2.420000000000000000e+02 -8.293212567313140715e-01
2.430000000000000000e+02 -8.293212612466774880e-01
