1.000000000000000000e+00 1.914254877666217713e-01
2.000000000000000000e+00 1.772796762104911494e-01
3.000000000000000000e+00 1.483825711105159761e-01
4.000000000000000000e+00 1.394195094714061611e-01
5.000000000000000000e+00 1.305322626877406245e-01
6.000000000000000000e+00 1.255276596146150947e-01
7.000000000000000000e+00 1.105057199057791484e-01
8.000000000000000000e+00 1.055045079274004177e-01
9.000000000000000000e+00 1.016060091227790341e-01
1.000000000000000000e+01 9.782463097875786218e-02
1.100000000000000000e+01 9.610260454790071905e-02
1.200000000000000000e+01 9.434152200574082159e-02
1.300000000000000000e+01 9.273574260960780469e-02
1.400000000000000000e+01 9.209004876019336039e-02
1.500000000000000000e+01 9.129984256093166828e-02
1.600000000000000000e+01 9.124956714533163926e-02
1.700000000000000000e+01 9.114221550334997146e-02
1.800000000000000000e+01 9.091021193892988295e-02
1.900000000000000000e+01 9.079227650175346331e-02
2.000000000000000000e+01 9.075363003147358942e-02
2.100000000000000000e+01 9.072373840546855972e-02
2.200000000000000000e+01 9.072204410480294579e-02
2.300000000000000000e+01 9.072187488278653233e-02
2.400000000000000000e+01 9.072186848147699434e-02
