1.000000000000000000e+00 -7.188125488809976593e-01
2.000000000000000000e+00 -7.189826393274197924e-01
3.000000000000000000e+00 -7.195137463044127824e-01
4.000000000000000000e+00 -7.202874242368892954e-01
5.000000000000000000e+00 -7.216256065639992112e-01
6.000000000000000000e+00 -7.241782223267249075e-01
7.000000000000000000e+00 -7.245431948822828039e-01
8.000000000000000000e+00 -7.256216059358103765e-01
9.000000000000000000e+00 -7.260500230186101023e-01
1.000000000000000000e+01 -7.261875765003573679e-01
1.100000000000000000e+01 -7.262400645632731688e-01
1.200000000000000000e+01 -7.271040221677722570e-01
1.300000000000000000e+01 -7.276593305569752923e-01
1.400000000000000000e+01 -7.291706579367347452e-01
1.500000000000000000e+01 -7.409664156306043914e-01
1.600000000000000000e+01 -7.411553099016532364e-01
1.700000000000000000e+01 -7.636662539756833290e-01
1.800000000000000000e+01 -7.850111725000314955e-01
1.900000000000000000e+01 -7.967171428062117533e-01
2.000000000000000000e+01 -7.990829622641228980e-01
2.100000000000000000e+01 -8.004061798789223747e-01
2.200000000000000000e+01 -8.005772609411720975e-01
2.300000000000000000e+01 -8.007181303401139649e-01
2.400000000000000000e+01 -8.007224051937827936e-01
2.500000000000000000e+01 -8.007227827190760427e-01
2.600000000000000000e+01 -8.007228076689607565e-01
