1.000000000000000000e+00 2.935916325703775143e-01
2.000000000000000000e+00 2.139035693316480025e-01
3.000000000000000000e+00 1.769378414493978091e-01
4.000000000000000000e+00 1.609463240761651870e-01
5.000000000000000000e+00 1.350843893579554145e-01
6.000000000000000000e+00 1.226660618703378641e-01
7.000000000000000000e+00 1.153094894082922622e-01
8.000000000000000000e+00 1.064437046405519172e-01
9.000000000000000000e+00 1.015377496492996384e-01
1.000000000000000000e+01 9.821728999308441954e-02
1.100000000000000000e+01 9.678482805316207527e-02
1.200000000000000000e+01 9.538899826519678382e-02
1.300000000000000000e+01 9.313287803876323101e-02
1.400000000000000000e+01 9.204148126018615872e-02
1.500000000000000000e+01 8.960699609604030891e-02
1.600000000000000000e+01 8.463279743252086207e-02
1.700000000000000000e+01 8.225127739659077175e-02
1.800000000000000000e+01 7.913460175725513246e-02
1.900000000000000000e+01 7.642461502192263167e-02
2.000000000000000000e+01 7.467720031809588210e-02
2.100000000000000000e+01 7.364490995705437471e-02
2.200000000000000000e+01 7.319495116137503254e-02
2.300000000000000000e+01 7.276237811569945257e-02
2.400000000000000000e+01 7.246355298745109363e-02
2.500000000000000000e+01 7.191226810081495502e-02
2.600000000000000000e+01 7.128722975601661793e-02
2.700000000000000000e+01 7.085111998998679106e-02
2.800000000000000000e+01 6.992418412341291911e-02
2.900000000000000000e+01 6.937117995989025565e-02
3.000000000000000000e+01 6.884950733245187582e-02
3.100000000000000000e+01 6.857925380464412191e-02
3.200000000000000000e+01 6.809252309009006243e-02
3.300000000000000000e+01 6.723909094554571253e-02
3.400000000000000000e+01 6.638030256462916501e-02
3.500000000000000000e+01 6.468080004491143231e-02
3.600000000000000000e+01 6.397238101005993383e-02
3.700000000000000000e+01 6.328383571179961586e-02
3.800000000000000000e+01 6.278397828765897026e-02
3.900000000000000000e+01 6.202236728325912635e-02
4.000000000000000000e+01 6.017463495546453850e-02
4.100000000000000000e+01 5.963751639844844937e-02
4.200000000000000000e+01 5.914154462085331743e-02
4.300000000000000000e+01 5.879964275437282728e-02
4.400000000000000000e+01 5.854864336762173604e-02
4.500000000000000000e+01 5.834415743510363433e-02
4.600000000000000000e+01 5.815598843664258888e-02
4.700000000000000000e+01 5.812335811867242602e-02
4.800000000000000000e+01 5.800729016749835848e-02
4.900000000000000000e+01 5.797101462908133690e-02
5.000000000000000000e+01 5.793793070080816010e-02
5.100000000000000000e+01 5.790363317026647055e-02
5.200000000000000000e+01 5.787233964993415691e-02
5.300000000000000000e+01 5.784936100465923325e-02
5.400000000000000000e+01 5.782945630313979235e-02
5.500000000000000000e+01 5.781044525630389674e-02
5.600000000000000000e+01 5.774626460174643594e-02
5.700000000000000000e+01 5.773249023544914371e-02
5.800000000000000000e+01 5.765097393574980522e-02
5.900000000000000000e+01 5.756330693234604223e-02
6.000000000000000000e+01 5.740160385467119042e-02
6.100000000000000000e+01 5.730645526450631189e-02
6.200000000000000000e+01 5.724041966312938545e-02
6.300000000000000000e+01 5.713213161527277983e-02
6.400000000000000000e+01 5.707980710712002442e-02
6.500000000000000000e+01 5.697366720337372625e-02
6.600000000000000000e+01 5.691554035542328166e-02
6.700000000000000000e+01 5.679054445836012599e-02
6.800000000000000000e+01 5.665405873364341705e-02
6.900000000000000000e+01 5.656892552921605200e-02
7.000000000000000000e+01 5.648246333613604619e-02
7.100000000000000000e+01 5.646540103660791649e-02
7.200000000000000000e+01 5.641201771904093276e-02
7.300000000000000000e+01 5.635337069356964601e-02
7.400000000000000000e+01 5.631864667948953407e-02
7.500000000000000000e+01 5.629335024792853082e-02
7.600000000000000000e+01 5.627348784959457922e-02
7.700000000000000000e+01 5.625482309811111886e-02
7.800000000000000000e+01 5.624556454849632958e-02
7.900000000000000000e+01 5.623625823465491086e-02
8.000000000000000000e+01 5.620944970052435541e-02
8.100000000000000000e+01 5.619773012518095023e-02
8.200000000000000000e+01 5.618375142185043358e-02
8.300000000000000000e+01 5.617591604652986265e-02
8.400000000000000000e+01 5.617496715490741255e-02
8.500000000000000000e+01 5.616828680122771394e-02
8.600000000000000000e+01 5.616649702544975614e-02
8.700000000000000000e+01 5.616415393273892220e-02
8.800000000000000000e+01 5.616254009001249436e-02
8.900000000000000000e+01 5.616148931011297890e-02
9.000000000000000000e+01 5.616042660879046189e-02
9.100000000000000000e+01 5.615972379142807058e-02
9.200000000000000000e+01 5.615792980067903922e-02
9.300000000000000000e+01 5.615496122201130147e-02
9.400000000000000000e+01 5.614975513562156517e-02
9.500000000000000000e+01 5.614141539961980260e-02
9.600000000000000000e+01 5.613252894940393839e-02
9.700000000000000000e+01 5.612178136675793211e-02
9.800000000000000000e+01 5.610938527805540282e-02
9.900000000000000000e+01 5.609363979043981152e-02
1.000000000000000000e+02 5.607485136429861405e-02
1.010000000000000000e+02 5.606647585039047782e-02
1.020000000000000000e+02 5.604345060658765670e-02
1.030000000000000000e+02 5.603215528602917272e-02
1.040000000000000000e+02 5.602217703049143516e-02
1.050000000000000000e+02 5.601434313541862886e-02
1.060000000000000000e+02 5.599953389365201761e-02
1.070000000000000000e+02 5.599773425722313902e-02
1.080000000000000000e+02 5.598884037590736579e-02
1.090000000000000000e+02 5.598485904587816031e-02
1.100000000000000000e+02 5.597814191566879288e-02
1.110000000000000000e+02 5.597386286831544655e-02
1.120000000000000000e+02 5.597214757341210933e-02
1.130000000000000000e+02 5.596993643382591754e-02
1.140000000000000000e+02 5.596910022789649414e-02
1.150000000000000000e+02 5.596822522483274609e-02
1.160000000000000000e+02 5.596735119769518513e-02
1.170000000000000000e+02 5.596668944776562321e-02
1.180000000000000000e+02 5.596624787897775538e-02
1.190000000000000000e+02 5.596557713400512890e-02
1.200000000000000000e+02 5.596455154697686091e-02
1.210000000000000000e+02 5.596261563713783582e-02
1.220000000000000000e+02 5.596191796382506828e-02
1.230000000000000000e+02 5.596052459947618157e-02
1.240000000000000000e+02 5.596000856497154730e-02
1.250000000000000000e+02 5.595965708122320470e-02
1.260000000000000000e+02 5.595952577213115370e-02
1.270000000000000000e+02 5.595939595486636164e-02
1.280000000000000000e+02 5.595931642707101250e-02
1.290000000000000000e+02 5.595927511329119169e-02
1.300000000000000000e+02 5.595922367209471560e-02
1.310000000000000000e+02 5.595919458555886211e-02
1.320000000000000000e+02 5.595917385210601169e-02
1.330000000000000000e+02 5.595912856418560483e-02
1.340000000000000000e+02 5.595910411572114357e-02
1.350000000000000000e+02 5.595907181445990142e-02
1.360000000000000000e+02 5.595902192334092223e-02
1.370000000000000000e+02 5.595897225965235089e-02
1.380000000000000000e+02 5.595885235620917664e-02
1.390000000000000000e+02 5.595880097039906270e-02
1.400000000000000000e+02 5.595866613293597885e-02
1.410000000000000000e+02 5.595862789081253869e-02
1.420000000000000000e+02 5.595861337522754081e-02
1.430000000000000000e+02 5.595859902291996923e-02
1.440000000000000000e+02 5.595858477675761528e-02
1.450000000000000000e+02 5.595857016494012320e-02
1.460000000000000000e+02 5.595855202828322467e-02
1.470000000000000000e+02 5.595853765994147216e-02
1.480000000000000000e+02 5.595851197382673697e-02
1.490000000000000000e+02 5.595849352565313017e-02
1.500000000000000000e+02 5.595847928970458518e-02
1.510000000000000000e+02 5.595845421215776827e-02
1.520000000000000000e+02 5.595843739543270717e-02
1.530000000000000000e+02 5.595841082087624208e-02
1.540000000000000000e+02 5.595838056463992016e-02
1.550000000000000000e+02 5.595835203079808223e-02
1.560000000000000000e+02 5.595833601705239857e-02
1.570000000000000000e+02 5.595831883524514383e-02
1.580000000000000000e+02 5.595830880419689485e-02
1.590000000000000000e+02 5.595829460954519774e-02
1.600000000000000000e+02 5.595827997617987964e-02
1.610000000000000000e+02 5.595827601136759560e-02
1.620000000000000000e+02 5.595827012767189135e-02
1.630000000000000000e+02 5.595826720714675018e-02
1.640000000000000000e+02 5.595826506067907297e-02
