1.000000000000000000e+00 2.851200712900261447e-01
2.000000000000000000e+00 2.589654915810449265e-01
3.000000000000000000e+00 2.508039390555419912e-01
4.000000000000000000e+00 2.412836733323344418e-01
5.000000000000000000e+00 2.410120277675317224e-01
6.000000000000000000e+00 2.409688914469494403e-01
7.000000000000000000e+00 2.409663548516737253e-01
8.000000000000000000e+00 2.409649333540203608e-01
9.000000000000000000e+00 2.409616542164500774e-01
1.000000000000000000e+01 2.409522118776741828e-01
1.100000000000000000e+01 2.409225504321414191e-01
1.200000000000000000e+01 2.409057448164268200e-01
1.300000000000000000e+01 2.409039265013964426e-01
1.400000000000000000e+01 2.409036442850612525e-01
1.500000000000000000e+01 2.409036326189749333e-01
1.600000000000000000e+01 2.409036186256159617e-01
1.700000000000000000e+01 2.409036093729144679e-01
1.800000000000000000e+01 2.409036076301713791e-01
